1461499462942175235
1461499462560399363
1461499462203838467
1461499462069665795
1461499462036164608
1461499461499113475
1461499461352390660
1461499460069085190
1461499458747777027
1461499458479439872
1461499456793321478
1461499456709398531
1461499455987929101
1461499455908241408
1461499455421788164
1461499455346257920
1461499454897332229
1461499454297624581
1461499454259974147
1461499453907550223
1461499453177614339
1461499452104052740
1461499451839705095
1461499451260948485
1461499449625174020
1461499449394532353
1461499449319084036
1461499448291430403
1461499448199204874
1461499447565713408
1461499446982844417
1461499446655655937
1461499445510610951
1461499445502115847
1461499444692615170
1461499444411654149
1461499444411645954
1461499444050808833
1461499443904016385
1461499443652358150
1461499443476377603
1461499442813624321
1461499442549256192
1461499442431873025
1461499441777557508
1461499441165352962
1461499441072984066
1461499440833839106
1461499440792023046
1461499440058052608
1461499439911104515
1461499439323889672
1461499438879293444
1461499438711590914
1461499438476795904
1461499438095278082
1461499437952421888
1461499436887121926
1461499436878680067
1461499436492890118
1461499436291534849
1461499436157136900
1461499435708465167
1461499434752221191
1461499433724493824
1461499433603014656
1461499433309327364
1461499432038539276
1461499432017424388
1461499431925207041
1461499431916748802
1461499431900139525
1461499431853989888
1461499431799476231
1461499431136776194
1461499430889263104
1461499430637608962
1461499430234832901
1461499429756837889
1461499429219876873
1461499429123411968
1461499428397854721
1461499427814731776
1461499427550470151
1461499427475103744
1461499427168919552
1461499427030388736
1461499426472710145
1461499426216689667
1461499426111987712
1461499425667301380
1461499425495388175
1461499425172254720
1461499425038249986
1461499425034014725
1461499424262217732
1461499424119693324
1461499422337114116
1461499420428673027
1461499419484852225
1461499418922733570
1461499418721411077
1461499418637709317
1461499418394435592
1461499418205687811
1461499418126036995
1461499418042003456
1461499417870188550
1461499417727541249
1461499417668857877
1461499417534500873
1461499417404624898
1461499416632864768
1461499416590835717
1461499416167292931
1461499415865315334
1461499415416426498
1461499414581809152
1461499414288031749
1461499414208401412
1461499413642235916
1461499413306621957
1461499412899762176
1461499412203638797
1461499411930894338
1461499411834544135
1461499411566141443
1461499410278400004
1461499409246535684
1461499408139255809
1461499407740850184
1461499407367553027
1461499406558154754
1461499405908037638
1461499405719142400
1461499405668737026
1461499405467488260
1461499405442314242
1461499405438267396
1461499405421449216
1461499404695838723
1461499404293128193
1461499403957682177
1461499403508727811
1461499403194093573
1461499403168980997
1461499403030740999
1461499402833604610
1461499402573553665
1461499401860354050
1461499401566892044
1461499401504006145
1461499401130496000
1461499399591407616
1461499399499046916
1461499399494852612
1461499398978953222
1461499398848921608
1461499398752514050
1461499397829808130
1461499397406142468
1461499397108289536
1461499396974067722
1461499396365819905
1461499396189835265
1461499394944126976
1461499394683985920
1461499394537103367
1461499394512109576
1461499394231054341
1461499393723584518
1461499393400524803
1461499392427442183
1461499392255479814
1461499391588515840
1461499391504756742
1461499390271496193
1461499389730381825
1461499389130809347
1461499388732358657
1461499387998351363
1461499387549569037
1461499387096543234
1461499386706464772
1461499386588975108
1461499386576486402
1461499386530340870
1461499386429587462
1461499386081464327
1461499385632591877
1461499385272049666
1461499385158766598
1461499384819064839
1461499384776904705
1461499384735186947
1461499384529666051
1461499384449884160
1461499384252682241
1461499383602716676
1461499383413755904
1461514561748570112
1461514561572335617
1461514560595243014
1461514560490196995
1461514560259518467
1461514560054214660
1461514559794167811
1461514559739641864
1461514559697698829
1461514559420702722
1461514559403880448
1461514559294873610
1461514559173402627
1461514559043543041
1461514558749560833
1461514558686724107
1461514557671809029
1461514557315338247
1461514557235634179
1461514557202051074
1461514556484820999
1461514555947847682
1461514555704676352
1461514555088113665
1461514554916020224
1461514554911961088
1461514554710507527
1461514554337378308
1461514554027003907
1461514553510883334
1461514553259433995
1461514552772898819
1461514552772857857
1461514552667897857
1461514552156299282
1461514550965112834
1461514550054903811
1461514550013050886
1461514549895512067
1461514549698482178
1461514549308403721
1461514548830040072
1461514548373069831
1461514548268224512
1461514547538313220
1461514547244802052
1461514546963640322
1461514545739051010
1461514545575436288
1461514545399275527
1461514545114099720
1461514544984084480
1461514544115855364
1461514543587332097
1461514542840750084
1461514542475841539
1461514541926334464
1461514541334941700
1461514541179670533
1461514540986863620
1461514540613578754
1461514539430785026
1461514539233595396
1461514537731964930
1461514536364789761
1461514536314449926
1461514536171847684
1461514534993027074
1461514534535892997
1461514534426796035
1461514533982384135
1461514533638451202
1461514533378351106
1461514533210624004
1461514533164310529
1461514532417941504
1461514531927048195
1461514530446626820
1461514529901268995
1461514529460867072
1461514529091645443
1461514528777064448
1461514528726806528
1461514527661510663
1461514527447605256
1461514526789017604
1461514526759686145
1461514526290026504
1461514524943699968
1461514524725583874
1461514524557824000
1461514524427788292
1461514523584700425
1461514523454717956
1461514523379126275
1461514523374936066
1461514523215642624
1461514522980671489
1461514522678599683
1461514522397757441
1461514521923801093
1461514520803823622
1461514520585715720
1461514520585637892
1461514520468283393
1461514520296230917
1461514520216707077
1461514520086691841
1461514519436484609
1461514519428141059
1461514519033757700
1461514518970789893
1461514518664658949
1461514518169751554
1461514518064943105
1461514517930782721
1461514517863706629
1461514517066698761
1461514516823523329
1461514516219449345
1461514515288313866
1461514515003150338
1461514514755637251
1461514514202042369
1461514513765724164
1461514512197206022
1461514511727435777
1461514510645223429
1461514509974052869
1461514509948907522
1461514508757876739
1461514508724326403
1461514508468248576
1461514508451696642
1461514506920599553
1461514504269971456
1461514503728906245
1461514503661703175
1461514502365663233
1461514502147555329
1461514501971492865
1461514501782577154
1461514501619167240
1461514501358948361
1461514500734173186
1461514500327317506
1461514499995754498
1461514498972561409
1461514498775289859
1461514498741780486
1461514498657955844
1461514496967589888
1461514496804106246
1461514496598495235
1461514496292401152
1461514495981932549
1461514495579156480
1461514494497206276
1461514494207791107
1461514493645709314
1461514493364781059
1461514493121339394
1461514492379123721
1461514491024216068
1461514490609119237
1461514489979817987
1461514489862377473
1461514489833082882
1461514489510170626
1461514489380184065
1461514489187110914
1461514487215931392
1461514486817382402
1461514486544846863
1461514486121054222
1461514485395505157
1461514484288159744
1461514484082696192
1461514483394830343
1461514482618810369
1461514482308378626
1461514482094460931
1461514481629110276
1461514481239212035
1461514481003991042
1461514479544512515
1461514479422906370
1461514478718226435
1461514478634377217
1461514478361710592
1461514478286082048
1461514478223179778
1461514477132734465
1461514476251922435
1461514475866103809
1461514475660398595
1461514475215986693
1461514474184085507
1461514474171650056
1461514474167361540
1461529661834338304
1461529660706238466
1461529660513214464
1461529660479705095
1461529660420984841
1461529660362211329
1461529660173340678
1461529659544412161
1461529658080432136
1461529657677795329
1461529656994275332
1461529656449024004
1461529656310611970
1461529656029552641
1461529655652098049
1461529654511210497
1461529654242811907
1461529652732698625
1461529651768004610
1461529651688337409
1461529651537453061
1461529651130609673
1461529651013107717
1461529650715365381
1461529650371387392
1461529650342019078
1461529650241294339
1461529650081906689
1461529650031693824
1461529649159323653
1461529649154957314
1461529648974548993
1461529648609824770
1461529647888359430
1461529647536123907
1461529647405932546
1461529646705557512
1461529646701424648
1461529646676197381
1461529646143528964
1461529645141028867
1461529645082423304
1461529645078228993
1461529644461658117
1461529644042051587
1461529643652157441
1461529643547254792
1461529641634746368
1461529641437450247
1461529641378885633
1461529641139650566
1461529641118744585
1461529639113871361
1461529638900015107
1461529638296072201
1461529638061035523
1461529637465608192
1461529637130055680
1461529636937121797
1461529635414499332
1461529634944737283
1461529634198204417
1461529633963208707
1461529633925464066
1461529632843481094
1461529632830853130
1461529632063180803
1461529631652147203
1461529631513886722
1461529631295774723
1461529630460952581
1461529629953515520
1461529629672443909
1461529629123133443
1461529629022306308
1461529628955271175
1461529628347179013
1461529627969482754
1461529627810308099
1461529626854014980
1461529626791092232
1461529626551926784
1461529626468040704
1461529626354855937
1461529626174365696
1461529626023391233
1461529625931259910
1461529625293635591
1461529625226534917
1461529624895234049
1461529624236765185
1461529622865137665
1461529621820755975
1461529621707509764
1461529621707427843
1461529619685801986
1461529619652395009
1461529619476140036
1461529618565894148
1461529617769062403
1461529617253154816
1461529616812806151
1461529616309362691
1461529615076319239
1461529614522613768
1461529614384304136
1461529614275297284
1461529614015213575
1461529612958195721
1461529612761153540
1461529612639424514
1461529612593283072
1461529612178055175
1461529611922132992
1461529611364298757
1461529610856939524
1461529609959194626
1461529608529063937
1461529608361181190
1461529607652454402
1461529607266390019
1461529607165857800
1461529606306025475
1461529606234599424
1461529605102317573
1461529604984766464
1461529604573646851
1461529604540219395
1461529604410068997
1461529603982315525
1461529603042729989
1461529602820489217
1461529601738379268
1461529600459214854
1461529599398064132
1461529598974382083
1461529597812559877
1461529596688543746
1461529596558516224
1461529596096958466
1461529594767499268
1461529594134024195
1461529593987297281
1461529593752350722
1461529593538662402
1461529592968007683
1461529592498376714
1461529592326414340
1461529592255102977
1461529592229814276
1461529591986757634
1461529591940591617
1461529591848177664
1461529591491833861
1461529591189626887
1461529591131033607
1461529590401318912
1461529590292049921
1461529590073946114
1461529588849418243
1461529588434186241
1461529588392026113
1461529588249546756
1461529587477671937
1461529586450124801
1461529584696967173
1461529584529248258
1461529584239882240
1461529584046772225
1461529583820361729
1461529583388278788
1461529582125797377
1461529581882540035
1461529581819777027
1461529580460593156
1461529579647082499
1461529579646963714
1461529579500314626
1461529579345129479
1461529579194138629
1461529578736742404
1461529578451521536
1461529578329890820
1461529578002919424
1461529577881325570
1461529577461796870
1461529577142951938
1461529577075843072
1461529576811737090
1461529575440240654
1461529575020711941
1461529574492323851
1461529572923555845
1461529572755877890
1461529572747489280
1461529572449652743
1461529572445458432
1461529572441161730
1461529572365660164
1461529571895877632
1461544761546797060
1461544761030967296
1461544759537721351
1461544759529517063
1461544759307091979
1461544758401241089
1461544758376116224
1461544758342565888
1461544758225035266
1461544757792968706
1461544757264592899
1461544756895490050
1461544755205230593
1461544754491977729
1461544753669947396
1461544753179336704
1461544752982085636
1461544752160120835
1461544751824527360
1461544751589511169
1461544751539363842
1461544751098777603
1461544749337174018
1461544748775354369
1461544748527742977
1461544746736754692
1461544745843703809
1461544745323356164
1461544745293860865
1461544744056766465
1461544743939235842
1461544743649820673
1461544742869553156
1461544742014136322
1461544741745696768
1461544741711933444
1461544741401550853
1461544741137354755
1461544740072026112
1461544739619188739
1461544739304525835
1461544738948108289
1461544738826379265
1461544738377588739
1461544738184589314
1461544737601511425
1461544736632807430
1461544736502603779
1461544735609212933
1461544733663117313
1461544733130387459
1461544733071740930
1461544731436068864
1461544731243016194
1461544731087814657
1461544730538381312
1461544730504826884
1461544729913430019
1461544729779183620
1461544729699627013
1461544729288626176
1461544728999067648
1461544728164372484
1461544727891697664
1461544727728295942
1461544727677792260
1461544727166214144
1461544725920501767
1461544725853270021
1461544725765398532
1461544725207400449
1461544725152940035
1461544724829982726
1461544724817272836
1461544724595150848
1461544724154753026
1461544723487723524
1461544722753892355
1461544722527399941
1461544721403293697
1461544721394851848
1461544721298382849
1461544720618778628
1461544719817723904
1461544719335391234
1461544718974603264
1461544718622408708
1461544718534389764
1461544718072893445
1461544717796130816
1461544717745750019
1461544717645197321
1461544717175435268
1461544717162889217
1461544716781031427
1461544716462440449
1461544716172935169
1461544716068085769
1461544715325640704
1461544715141009408
1461544715065647104
1461544714642108418
1461544714453147655
1461544714247671808
1461544713962536964
1461544713631248386
1461544713497067523
1461544713358503941
1461544713186680833
1461544712913960963
1461544712402255873
1461544712372948999
1461544712347656194
1461544711605284866
1461544711597039620
1461544710246473732
1461544708027535364
1461544706353995777
1461544705574031364
1461544703086579712
1461544702805614592
1461544702549839878
1461544702143086596
1461544701820035075
1461544701341929481
1461544701102891009
1461544701014777856
1461544700645724165
1461544699873792008
1461544699639078919
1461544699261505540
1461544698506588162
1461544696992260098
1461544696967143424
1461544696430284802
1461544695960588293
1461544695822225410
1461544695784513540
1461544695666991108
1461544694555586561
1461544694333149185
1461544694085730309
1461544693297152000
1461544692622016512
1461544692584124417
1461544692533891076
1461544692290572289
1461544691418210305
1461544691367768064
1461544691300716549
1461544690755551242
1461544689820127237
1461544689618894850
1461544689367195653
1461544688566030336
1461544688448585732
1461544687810928642
1461544687672639489
1461544687324610560
1461544686070517760
1461544685344808963
1461544685172768768
1461544684594028549
1461544684120154117
1461544684027715596
1461544683012866053
1461544682924785667
1461544682740228096
1461544682605846532
1461544682043830275
1461544681804742656
1461544681561636865
1461544680982786050
1461544680278134792
1461544679451865095
1461544679166529545
1461544679137181699
1461544677866295296
1461544677061148679
1461544676880617475
1461544676704538628
1461544675727261696
1461544675660091397
1461544675588947972
1461544675186249729
1461544674443751427
1461544673688829953
1461544673143660545
1461544671839019008
1461544671780519936
1461544671180636163
1461544670824218635
1461544670480113665
1461544670350163974
1461544669972615171
1461544669746106372
1461544667858624517
1461544667561046017
1461544665841238020
1461544665589510149
1461559860823220224
1461559860789661698
1461559860504547329
1461559860315762695
1461559859690844162
1461559859640295424
1461559858591768582
1461559857589325825
1461559857434267650
1461559857266704384
1461559857044099077
1461559856716869633
1461559855383150594
1461559854468849665
1461559854191894531
1461559853743235074
1461559852938203136
1461559852497453058
1461559851222507523
1461559850954014720
1461559850903621634
1461559850161295363
1461559849376882688
1461559849200898056
1461559849175564296
1461559847204360193
1461559847187464193
1461559847183437825
1461559844842971138
1461559844612165637
1461559844599701507
1461559844163534852
1461559843567726596
1461559841806327812
1461559840560476165
1461559839113494532
1461559838954168326
1461559838568243201
1461559838173921280
1461559838048014337
1461559837985177607
1461559837813198850
1461559837762809856
1461559836890460160
1461559836399706112
1461559836223492100
1461559835770580995
1461559835497885698
1461559834638176256
1461559834457739269
1461559834449481728
1461559834424356866
1461559834206113805
1461559833530802178
1461559833522409477
1461559833061040135
1461559832301826050
1461559831798632451
1461559830884274176
1461559830234107904
1461559830116810757
1461559828753485827
1461559827918950402
1461559827839303682
1461559827520319494
1461559824672382980
1461559824542482434
1461559823888261125
1461559822210457601
1461559820537024518
1461559818209021959
1461559817500336132
1461559815675785219
1461559815432556552
1461559815210094593
1461559814761459714
1461559814593597445
1461559812831985668
1461559811557019657
1461559810894225409
1461559810181140484
1461559809145294848
1461559808306335746
1461559807136182274
1461559806855106560
1461559806708305927
1461559806636949507
1461559806607728643
1461559806511267841
1461559805143707653
1461559803780685827
1461559803369730052
1461559803097014275
1461559802757275648
1461559801889144833
1461559801272418304
1461559800567894022
1461559799527526401
1461559799200370691
1461559798952960002
1461559798810353664
1461559797686276100
1461559796876906496
1461559796771917827
1461559796449042434
1461559795715129346
1461559795304083457
1461559795178414081
1461559793378856969
1461559791700959235
1461559791277510663
1461559790853771264
1461559789377527813
1461559789306007556
1461559788672798721
1461559788517543938
1461559788408475651
1461559788400087041
1461559788135985157
1461559787586469890
1461559787431288833
1461559787284541442
1461559786282139651
1461559785778671619
1461559785774407681
1461559785728495616
1461559784709271553
1461559784486879233
1461559784407126020
1461559783547355139
1461559783010586626
1461559782892982274
1461559782851203073
1461559782796673027
1461559782419177472
1461559782309916675
1461559781802471429
1461559781106364416
1461559781051846659
1461559780976349189
1461559780640641024
1461559780045045761
1461559779902459905
1461559779197784064
1461559776714715146
1461559775779606529
1461559775628509184
1461559775355977732
1461559774991032323
1461559774672158722
1461559774248460290
1461559773686648840
1461559773657112579
1461559773497802753
1461559771996188674
1461559771669184514
1461559771430064128
1461559770813538304
1461559770779893762
1461559770746339333
1461559770356203521
1461559769295056896
1461559768170962947
1461559767113998336
1461559766795403264
1461559765079760897
1461559764698214404
1461559764454756353
1461559764308180994
1461559763456741376
1461559763175718913
1461559762500214786
1461559760881430535
1461559760663171078
1461559760009023488
1461559756750041089
1461559756200550406
1461559754615144451
1461559754212454401
1461559753880965122
1461559753570762754
1461559753264541700
1461559753025413123
1461559752836534273
1461559752148742147
1461559752081637377
1461559751729369090
1461559751439839232
1461559750387113990
1461559749908918272
1461559749581889541
1461559748583735302
1461559747371409411
1461559747363041280
1461559747065397251
1461559746134253572
1461559745744015361
1461559745559597058
1461559745211355142
1461559744406163456
1461574960246235136
1461574959319429120
1461574959243743238
1461574958203637760
1461574958136676356
1461574957628989441
1461574957499142146
1461574957377413122
1461574956668506115
1461574956400013313
1461574955619991555
1461574955355627522
1461574955192229890
1461574954353414144
1461574953044791300
1461574952503713792
1461574952226672642
1461574951413207043
1461574950175838208
1461574949747965953
1461574949089337347
1461574948795949056
1461574945515966465
1461574945499189249
1461574944157048835
1461574943208919040
1461574943158665216
1461574942932316160
1461574942923784195
1461574942747729921
1461574942370058240
1461574942361804801
1461574942198157314
1461574942126923778
1461574941044666371
1461574939874529285
1461574939518148610
1461574938905636867
1461574937815228419
1461574937815175171
1461574937437638657
1461574936842047491
1461574936774991877
1461574936011677700
1461574935990743042
1461574935428493315
1461574935202127874
1461574934791004164
1461574934686310400
1461574934141050880
1461574933729923075
1461574932396228608
1461574930491920385
1461574930450034692
1461574930449854468
1461574930202464257
1461574927664959490
1461574927128178690
1461574925773250561
1461574925756604419
1461574925731442696
1461574924720652292
1461574923516665858
1461574922812235776
1461574922304692226
1461574920983367680
1461574919439851525
1461574917158313984
1461574915786784773
1461574914687778819
1461574914142527489
1461574914129883136
1461574913723015169
1461574913265860608
1461574912699736068
1461574912485871616
1461574912003379202
1461574910514544640
1461574909532983296
1461574909507907589
1461574909243674624
1461574909063278592
1461574908509491202
1461574908308168704
1461574907762987009
1461574907607887874
1461574907532357638
1461574907402227716
1461574907171536900
1461574906706018304
1461574906513027076
1461574906248896515
1461574906114494469
1461574905900814336
1461574905804333057
1461574905661698048
1461574905187680259
1461574904399208449
1461574903845457922
1461574902574563329
1461574901769416704
1461574901735714817
1461574901421199361
1461574901349900293
1461574901232328704
1461574900678811652
1461574900364333057
1461574899504455681
1461574898900353026
1461574898816532481
1461574898569121793
1461574898510303234
1461574898191585280
1461574897935826947
1461574897608577027
1461574897369595906
1461574897260384256
1461574896966938632
1461574896069218304
1461574895909834755
1461574894857109504
1461574893946953728
1461574893372325889
1461574893133189123
1461574893041037312
1461574892944433153
1461574892936069121
1461574892365619208
1461574892177002499
1461574892021817345
1461574891442896896
1461574891304472577
1461574890398568448
1461574889064837124
1461574888850817026
1461574888129400836
1461574887517032449
1461574887445696512
1461574887013818372
1461574886384676865
1461574885889560576
1461574885256400897
1461574885214494720
1461574884102840326
1461574883893252097
1461574883259953153
1461574882852937730
1461574881812746242
1461574881758355459
1461574879845789697
1461574879807950851
1461574879317311489
1461574878641856516
1461574877975126017
1461574877840818177
1461574876494381057
1461574876485980164
1461574876477677569
1461574874430939138
1461574873633865730
1461574872740544512
1461574872300068866
1461574871675281412
1461574869565456387
1461574869313720321
1461574868789448707
1461574867740991489
1461574867548090371
1461574866965082120
1461574866684026883
1461574866118000641
1461574865874526211
1461574865354383362
1461574863752212481
1461574863668269061
1461574862967693318
1461574862963716097
1461574862917545985
1461574861395050496
1461574861310947328
1461574860992356352
1461574860803432449
1461574860119891971
1461574859427880965
1461574859163504643
1461574858966396929
1461574858387726339
1461574857271959552
1461574857188167680
1461574856693190657
1461574855522873350
1461574855418073100
1461574854977675264
1461574854507962371
1461574854436691970
1461574853526536201
1461574853249708043
1461574851098218497
1461574849629990914
1461574849520934913
1461590059761778689
1461590059686277120
1461590059421941762
1461590058625028102
1461590057970802688
1461590057945423874
1461590057341624320
1461590057102553093
1461590056171450368
1461590055386972163
1461590054799818754
1461590054640492544
1461590053461835778
1461590053373853697
1461590052920692737
1461590052832788484
1461590052446765058
1461590052367069184
1461590050156597250
1461590050123268097
1461590050030985216
1461590049712082945
1461590049414340608
1461590048357425158
1461590047694725125
1461590047573135363
1461590047031918592
1461590046939791361
1461590045496913920
1461590045396283392
1461590045375270916
1461590045228351488
1461590045110910980
1461590044477730817
1461590043986960384
1461590042988662784
1461590042804109313
1461590041990361090
1461590041981972483
1461590041570910209
1461590041034174464
1461590040983781380
1461590040971149312
1461590040908341249
1461590040509825027
1461590039188500482
1461590038437937152
1461590038223810561
1461590037951303684
1461590037930332161
1461590037758308352
1461590036286251009
1461590035958956032
1461590035904434179
1461590035304648707
1461590034423889921
1461590034369310721
1461590034339958786
1461590033618591744
1461590033132052480
1461590032788209666
1461590032486219777
1461590031651516422
1461590031198564353
1461590030846246920
1461590030749732866
1461590029956956161
1461590029940187138
1461590029277425670
1461590027788554240
1461590027666968577
1461590026995875844
1461590025972457478
1461590023980130304
1461590023648813061
1461590022772060166
1461590022511947777
1461590022369517577
1461590022302359552
1461590022201782274
1461590021908148224
1461590021018898433
1461590020796530688
1461590020268167169
1461590019446124544
1461590019190177795
1461590019185860616
1461590018980462592
1461590018925998083
1461590018217201667
1461590017915170818
1461590017713844226
1461590017348878339
1461590017101467649
1461590016921006080
1461590015859998721
1461590014165504001
1461590012777037825
1461590012466769922
1461590012076732417
1461590011904774146
1461590010520653828
1461590009035771908
1461590008838508544
1461590008679309315
1461590005944655873
1461590005827076101
1461590005717946375
1461590005189648385
1461590005017722883
1461590004426317826
1461590004380147712
1461590003507728388
1461590003138637825
1461590002803122177
1461590002693980160
1461590002098479105
1461590001981009925
1461590001771106306
1461590001674825728
1461590000676528130
1461590000416407552
1461589999669760003
1461589999523094535
1461589998948474883
1461589997908336643
1461589997446914051
1461589997291769861
1461589996960428035
1461589996813570051
1461589996226318339
1461589995253219331
1461589995047825416
1461589994531962880
1461589993449738245
1461589993147691010
1461589991763677186
1461589991621074944
1461589991533027335
1461589991310737408
1461589991264448516
1461589990769512452
1461589990425645060
1461589990228512770
1461589990211657731
1461589990178058246
1461589990140481537
1461589989880483840
1461589989012164611
1461589988081127427
1461589987191754752
1461589987040772098
1461589986961235971
1461589986743103491
1461589986428563459
1461589986071961600
1461589985119854592
1461589984167792645
1461589982972289033
1461589980636237826
1461589979730173952
1461589979600199684
1461589979528765448
1461589979025612803
1461589978564210689
1461589976844484609
1461589975967809537
1461589975930216450
1461589975296733187
1461589974957056003
1461589974445395973
1461589974063661056
1461589973719683073
1461589972494995460
1461589971933016066
1461589971542888452
1461589971270254594
1461589971027087361
1461589970586673152
1461589969513115650
1461589969441599488
1461589969303216132
1461589969202470913
1461589968686620680
1461589968258682885
1461589967847657474
1461589967445102597
1461589966895521798
1461589966862139392
1461589965087903748
1461589964983091206
1461589964060348420
1461589963464757250
1461589962608971776
1461589962332200960
1461589962147643394
1461589961958854656
1461589961929637888
1461589960981561354
1461589960872583168
1461605158752817163
1461605158421413892
1461605157876158469
1461605157502951424
1461605157364453383
1461605157356150785
1461605157117087745
1461605156290764803
1461605155653267460
1461605155535994882
1461605155321745411
1461605155196002304
1461605155074420746
1461605154638155792
1461605154621431810
1461605154206191616
1461605154059341831
1461605153962745859
1461605153786798082
1461605153514131458
1461605153438588930
1461605153056956416
1461605152545247235
1461605152188616705
1461605151710535685
1461605151404347393
1461605150754103297
1461605150649368577
1461605149617659906
1461605148896157699
1461605147977695234
1461605147327574016
1461605147268685829
1461605146643906561
1461605146446684160
1461605145867952129
1461605145850957825
1461605145830113286
1461605145343627266
1461605144085385220
1461605143049379842
1461605142315294723
1461605141765840897
1461605140176293890
1461605138808905731
1461605137336647694
1461605136246226944
1461605135923101697
1461605134862012423
1461605134744670209
1461605134253936641
1461605132488036358
1461605132458680323
1461605131204673539
1461605131150110724
1461605130969751552
1461605130751643654
1461605130642538501
1461605130437115904
1461605130403557383
1461605130118303744
1461605129950535681
1461605129325588481
1461605128876670976
1461605128688091139
1461605128264376320
1461605128159571968
1461605127727448065
1461605127501099009
1461605127337529344
1461605126100111364
1461605125101916161
1461605124451680257
1461605123998855168
1461605122300121089
1461605121570263043
1461605120714493962
1461605120496607232
1461605119808524290
1461605119116595200
1461605118344712194
1461605118235713538
1461605117971640324
1461605117879328774
1461605117593997312
1461605117464133634
1461605117216673795
1461605116985884672
1461605116780417029
1461605116763459585
1461605115413078019
1461605115354394627
1461605115299864576
1461605114502909953
1461605114414870531
1461605114293141504
1461605114226036737
1461605113898979331
1461605113194336256
1461605112321875973
1461605111877103618
1461605111449403396
1461605111180840964
1461605111008935937
1461605110895808519
1461605109188734977
1461605108840636419
1461605107955429380
1461605107703988224
1461605106642731011
1461605106487631872
1461605105808068609
1461605104927264769
1461605103295766528
1461605103203459075
1461605102201057285
1461605101387325443
1461605100590358528
1461605100250615811
1461605098971406339
1461605098510069760
1461605098099036166
1461605097859919872
1461605097536901126
1461605097532796929
1461605097528610818
1461605096714752007
1461605096576335872
1461605096169607169
1461605096073138176
1461605095813132292
1461605095800463361
1461605095674679301
1461605095003484160
1461605094588301313
1461605094483324931
1461605094345039874
1461605094324011011
1461605092176629760
1461605091673362433
1461605091467796480
1461605091409072128
1461605091174141955
1461605090368770053
1461605090301812736
1461605090284998662
1461605089093718019
1461605089047498753
1461605088007442437
1461605086799532034
1461605086690299904
1461605086132678656
1461605086107353089
1461605085994106885
1461605085931311104
1461605085088256005
1461605084568117248
1461605084559597578
1461605083939016708
1461605083695751170
1461605083393708035
1461605083351707648
1461605082613497859
1461605082600988672
1461605082580111362
1461605082487824388
1461605082328412167
1461605081703280642
1461605081011429380
1461605080776519683
1461605080373899265
1461605079803301895
1461605079119798283
1461605078947667968
1461605078738034688
1461605078440230919
1461605078020894720
1461605077894979587
1461605077739835395
1461605076477247494
1461605075873374215
1461605075277778949
1461605075030261762
1461605074929696768
1461605074376048641
1461605074128576515
1461605074086600709
1461605073394360324
1461605072652148736
1461605072211689474
1461605072190820356
1461605072043974658
1461605072001978368
1461605070659805188
1461605069598642177
1461605068537532424
1461605068344631296
1461605068189450241
1461605068059418631
1461605067312836609
1461620258574319616
1461620257911717892
1461620257769074693
1461620257559306240
1461620257534222336
1461620256833687555
1461620256649138177
1461620256586223621
1461620256229756930
1461620255445241861
1461620254497546244
1461620254057054211
1461620253826314244
1461620253348278276
1461620253234970626
1461620253130211328
1461620251850797056
1461620251435622402
1461620251347587075
1461620251121143813
1461620250978361344
1461620250768658435
1461620250735116291
1461620250596675585
1461620249191669760
1461620248898117632
1461620248558329860
1461620248038154242
1461620247249702916
1461620247174303745
1461620246758899720
1461620246553399305
1461620246184443907
1461620245437632513
1461620245269991424
1461620244758237192
1461620244380848134
1461620242841546752
1461620242283700228
1461620242237509633
1461620242212429829
1461620242141130752
1461620241969172483
1461620241553924096
1461620241528725505
1461620240270438406
1461620239486050305
1461620239121235970
1461620238638854145
1461620238395617281
1461620237850263552
1461620237745496069
1461620236885454853
1461620236092952578
1461620235086221320
1461620233395847169
1461620233278570504
1461620232754237441
1461620231902797824
1461620231852363779
1461620231772770308
1461620231198150657
1461620230770339840
1461620230141186051
1461620230053056514
1461620228991983619
1461620228794851328
1461620228383809537
1461620227456868354
1461620227159085056
1461620227150655489
1461620226995466240
1461620226689228808
1461620226169131010
1461620225586176004
1461620225456156674
1461620224214589444
1461620223803596804
1461620223417753605
1461620223346294784
1461620223208005638
1461620222864015366
1461620222696243202
1461620222092144642
1461620222058807302
1461620221660340226
1461620221442203651
1461620220666073089
1461620220418736130
1461620218988482572
1461620218812321793
1461620218782892033
1461620218325655560
1461620218124550144
1461620217734443014
1461620217449230337
1461620217306562564
1461620216509739010
1461620216350351366
1461620216073490434
1461620215867920391
1461620215842807814
1461620215716921344
1461620215561785347
1461620215385628676
1461620214919929862
1461620214718730243
1461620213691080709
1461620213515014144
1461620213506523144
1461620213116403714
1461620211967266818
1461620211862454274
1461620211736625155
1461620210260221960
1461620209115037697
1461620208846704643
1461620208540524546
1461620208469086209
1461620208456675334
1461620207756140544
1461620207231938561
1461620207089328128
1461620206858551297
1461620206837637128
1461620206472597510
1461620206120353796
1461620205331701763
1461620204333633536
1461620204182642691
1461620204128063492
1461620203947761667
1461620203654107138
1461620203385589763
1461620203222089730
1461620202777497601
1461620202697801729
1461620202534322176
1461620201414434821
1461620201376649216
1461620201150107652
1461620200999206913
1461620200659464200
1461620200458317828
1461620200122437636
1461620197123624966
1461620196045725696
1461620195781320709
1461620194925858819
1461620194837549058
1461620194032467968
1461620192895713280
1461620192304410629
1461620192203751426
1461620190345678849
1461620190123286531
1461620189724741635
1461620189515206658
1461620189511004163
1461620188605034497
1461620188449755138
1461620187841515520
1461620187673866244
1461620187233411072
1461620186918920195
1461620186704867330
1461620186541445120
1461620185828409344
1461620185807429634
1461620185735917569
1461620184641380354
1461620184339427332
1461620184335196165
1461620184280702976
1461620183454396417
1461620182800080896
1461620182518878208
1461620181772509184
1461620181713760256
1461620181017321476
1461620179821989889
1461620178932875265
1461620178819563523
1461620178609913862
1461620178005942272
1461620176521240580
1461620176407777282
1461620175908732930
1461620175363612677
1461620175212589061
1461620175187288064
1461620174663000064
1461620174440878084
1461620174310805505
1461620174117916673
1461620173606109193
1461620173367132162
1461620173362896900
1461620172909944834
1461620172167335940
1461650457642909702
1461650457567371267
1461650456174739457
1461650456166477827
1461650455713431553
1461650455667355653
1461650455591796742
1461650455302488065
1461650454929149952
1461650454895632384
1461650454769766407
1461650454559944705
1461650454165737475
1461650454115491845
1461650454073556993
1461650453595361283
1461650453452705792
1461650453440065541
1461650452492214275
1461650452374765572
1461650452341219330
1461650452106330113
1461650452014149633
1461650451951235074
1461650451917676556
1461650451192033292
1461650451003236355
1461650449275179010
1461650448771952643
1461650448348237827
1461650447593349128
1461650447186513923
1461650447169687556
1461650446670565379
1461650446637060097
1461650446238597125
1461650446116954119
1461650446041374724
1461650445831708673
1461650445592580100
1461650443931557893
1461650443843645441
1461650443616985088
1461650443013177347
1461650442581073931
1461650442442756096
1461650442295906304
1461650442186674179
1461650442014928896
1461650440358092804
1461650439695392775
1461650438206504970
1461650437732552707
1461650437057269770
1461650436826537990
1461650436746670081
1461650436679688192
1461650436428025858
1461650436147105795
1461650436105121794
1461650435899539458
1461650435438256136
1461650435320725511
1461650434976886787
1461650434943242241
1461650433911537665
1461650433609510912
1461650433362079746
1461650433286496258
1461650433232023561
1461650433080975366
1461650432955199489
1461650432950951940
1461650431927480323
1461650431801798657
1461650431633883138
1461650431575310337
1461650431482998784
1461650431281668098
1461650431139106817
1461650430828625926
1461650430623162372
1461650429608173570
1461650429016788992
1461650428840529925
1461650428731531264
1461650428618280962
1461650428613914627
1461650428152532995
1461650426537861120
1461650426424528900
1461650425849987075
1461650425178779649
1461650424759468033
1461650424528736256
1461650424486932488
1461650423937486851
1461650423748648961
1461650423278936064
1461650423178317825
1461650423178309636
1461650422985379841
1461650422171684865
1461650421789954052
1461650421781565444
1461650421370470402
1461650421081165828
1461650420959526912
1461650420644909060
1461650420615499780
1461650420460310530
1461650419977838593
1461650419189493765
1461650418480603139
1461650418363162626
1461650417603985409
1461650417146896389
1461650416538632198
1461650416190513152
1461650416110915593
1461650415548837891
1461650414978453507
1461650414785515526
1461650414722592772
1461650414538043392
1461650414458351622
1461650414311510016
1461650413674012673
1461650413405540353
1461650413363634182
1461650412654657536
1461650412570923018
1461650412164075524
1461650412050780163
1461650411979513861
1461650411815936008
1461650411375452163
1461650410180161536
1461650409811030020
1461650409798438918
1461650409739718656
1461650409353879555
1461650409072828431
1461650408338862080
1461650407508353025
1461650405541224453
1461650405461565442
1461650405457379331
1461650405109252099
1461650405054509061
1461650403737706502
1461650403716747269
1461650403318247425
1461650403209232384
1461650402877841408
1461650402366017540
1461650399816040450
1461650399279079425
1461650399241330691
1461650398863839235
1461650398775848965
1461650398738010115
1461650398486355970
1461650398406717445
1461650397483999232
1461650396934516736
1461650396934463493
1461650396636663810
1461650395697135619
1461650395336527875
1461650395109867521
1461650395072192512
1461650394854088710
1461650394732322822
1461650394472456193
1461650393662951425
1461650393574916106
1461650393197334533
1461650392991748098
1461650392907976712
1461650392383688713
1461650391347699718
1461650390601064448
1461650390475173892
1461650390341009418
1461650389736906754
1461650389103689729
1461650388671737864
1461650388554338304
1461650388545945607
1461650388000645123
1461650387836887050
1461650387799359491
1461650387409281027
1461650387396702217
1461650387392475137
1461650386733830144
1461650385937047553
1461650385509175303
1461650385484066817
1461665557002940423
1461665556856254464
1461665556747145221
1461665556096962563
1461665555736268814
1461665555664945154
1461665555644043268
1461665555577032708
1461665555543474180
1461665554905935879
1461665554863955971
1461665554662526980
1461665553198862336
1461665553018343426
1461665552972369927
1461665552607363076
1461665552569671681
1461665552380792836
1461665551844057101
1461665551592439812
1461665551462412288
1461665551311380483
1461665551080689672
1461665550774505478
1461665550564663296
1461665550271193093
1461665549734322181
1461665549415550978
1461665549281378307
1461665548660527107
1461665548585123846
1461665548480262145
1461665548253736964
1461665546865463301
1461665546555039746
1461665546546601990
1461665546118774787
1461665546072727553
1461665546060115970
1461665545372139536
1461665545355464707
1461665545007382536
1461665544994754563
1461665544973729793
1461665544793464837
1461665543614652420
1461665543514165252
1461665543488868355
1461665543161843716
1461665542889218049
1461665542763393029
1461665542218133509
1461665542050394114
1461665541794549766
1461665541697933315
1461665541458911233
1461665541144387587
1461665540762705923
1461665540360089601
1461665540347514881
1461665540179693569
1461665539974123520
1461665539529613313
1461665539206569986
1461665538619617283
1461665538074099714
1461665538065711104
1461665537742848005
1461665537650475010
1461665537621114887
1461665537390436356
1461665537340100614
1461665537289822208
1461665537117900800
1461665536815865861
1461665535649886220
1461665534861271041
1461665534722912258
1461665534320205832
1461665534135705605
1461665533963735046
1461665533720469507
1461665533644865540
1461665533133217797
1461665532982214660
1461665532940193797
1461665532910964741
1461665532600631297
1461665532197978113
1461665532097220610
1461665530960617475
1461665530931253249
1461665530876731406
1461665530646048770
1461665530478170116
1461665530092441608
1461665530088206341
1461665529706520580
1461665529601482762
1461665528913797127
1461665528716607488
1461665528611749894
1461665528037183490
1461665527982665732
1461665527705878535
1461665527223529475
1461665526766133248
1461665526657261574
1461665525981929475
1461665525591851009
1461665525348671497
1461665525218652160
1461665524958572546
1461665524014800900
1461665523670921216
1461665523431874561
1461665523213688834
1461665522706169857
1461665522701975556
1461665522408431618
1461665522215444481
1461665522001530882
1461665521758265349
1461665521301016577
1461665520516796422
1461665520252375041
1461665519254351877
1461665519032057859
1461665518314737667
1461665518004412420
1461665517740122116
1461665517488463873
1461665517333274625
1461665517287227393
1461665517035560964
1461665516611846148
1461665516435787789
1461665516305666052
1461665516028899336
1461665515248791559
1461665515160715264
1461665515139649536
1461665515122876418
1461665514892181508
1461665514720149509
1461665512979681280
1461665512157548546
1461665511939493891
1461665511733796869
1461665511645888523
1461665511222218757
1461665510383357952
1461665510349840388
1461665509741670406
1461665509729091584
1461665509708115970
1461665509502554116
1461665509183787013
1461665508869222405
1461665508391112708
1461665507636133891
1461665507384479745
1461665507006836738
1461665506759426054
1461665505249484801
1461665505211781128
1461665504930713607
1461665504624525316
1461665504519667716
1461665504482013190
1461665504360341508
1461665504276496390
1461665504079323145
1461665503890575364
1461665503747973122
1461665503743721475
1461665503735427073
1461665503634771974
1461665503534014476
1461665503496134663
1461665503357845509
1461665503089504260
1461665502657486857
1461665502632153090
1461665502405832706
1461665502237966337
1461665501923450883
1461665501864771590
1461665501806055424
1461665501453692930
1461665501222817792
1461665501164281859
1461665500560347141
1461665500543565827
1461665500249866245
1461665500174471168
1461665499897544706
1461665499859853316
1461665499729825795
1461665499415072773
1461680656816222209
1461680656618901507
1461680656321159171
1461680656145022978
1461680655683637251
1461680655604060174
1461680655020871689
1461680654794608643
1461680654245146630
1461680654173700100
1461680654064787467
1461680653804703746
1461680653792018432
1461680653435645956
1461680653137690624
1461680652647079950
1461680652286410753
1461680652210696193
1461680652139610123
1461680651799867398
1461680651170627588
1461680650927362064
1461680650466037769
1461680650344304646
1461680649815805954
1461680649673351173
1461680649115471874
1461680649018949636
1461680648968626176
1461680648817717254
1461680648817713157
1461680648750608389
1461680648276652032
1461680647836246017
1461680647764725762
1461680647735590925
1461680647181905923
1461680647156740098
1461680646091415552
1461680645797658628
1461680645739061261
1461680645348937732
1461680645076402177
1461680644828934149
1461680644694675462
1461680644178825218
1461680643729870852
1461680643595718664
1461680643075620864
1461680643046363140
1461680642891128841
1461680642702422024
1461680642631077894
1461680642572361733
1461680642375262214
1461680642341621770
1461680642241015818
1461680642152882194
1461680641725059076
1461680641385377798
1461680640907259913
1461680640454283279
1461680640412332032
1461680640324108299
1461680640231985159
1461680639988670474
1461680639686713359
1461680639208476673
1461680639087112192
1461680638344503300
1461680637908299779
1461680637841068040
1461680637635665930
1461680637123997705
1461680636620595208
1461680636482174977
1461680636167655424
1461680635970572289
1461680635521560576
1461680635156783110
1461680635098144768
1461680635093921795
1461680634712182785
1461680634573819907
1461680634221506574
1461680633852436483
1461680633584001026
1461680633441357829
1461680632929550344
1461680632526954499
1461680632422182912
1461680632208273414
1461680632057237507
1461680631981694984
1461680631734177797
1461680631545479175
1461680631415513091
1461680630702297090
1461680630635315200
1461680630584905729
1461680630337441793
1461680630169849864
1461680629804904452
1461680629574246403
1461680629024706572
1461680628722806801
1461680628563329027
1461680628521439237
1461680627409846279
1461680627007246338
1461680626684370954
1461680626625560581
1461680625266483212
1461680624931069957
1461680624545239041
1461680624264167430
1461680624239095819
1461680623983206409
1461680623526064134
1461680623253217291
1461680623152680963
1461680623081472000
1461680623035244544
1461680622972198913
1461680622825578498
1461680622817136644
1461680622686990341
1461680622607470595
1461680622079037451
1461680621185605635
1461680621118443525
1461680621034651648
1461680620938006528
1461680620774510597
1461680620644577282
1461680620250222593
1461680619058974728
1461680619008704512
1461680618496946178
1461680617582641156
1461680617360445444
1461680617209405441
1461680617054212116
1461680617024901121
1461680615477157897
1461680615409868802
1461680615330308105
1461680614944296962
1461680614906683397
1461680614529069068
1461680614306947087
1461680614084694022
1461680613480484868
1461680611823955990
1461680611811377166
1461680611492569100
1461680611312254978
1461680611056259079
1461680610620096512
1461680610049724421
1461680609961680896
1461680609722613780
1461680609680666631
1461680609525477383
1461680609185652743
1461680608921460745
1461680608678191108
1461680608548114438
1461680608489492491
1461680608330059782
1461680608216862727
1461680608053186561
1461680607721926662
1461680607658917897
1461680607369572353
1461680607243743238
1461680606669160451
1461680606631374853
1461680606434283523
1461680606383853573
1461680606354493448
1461680605079523336
1461680605041733637
1461680604995592198
1461680604752265217
1461680604618108928
1461680604479696896
1461680603401760770
1461680603246510080
1461680603040927746
1461680602852335627
1461680602453790736
1461680601954725894
1461680601401024515
1461680601388523521
1461680601329594375
1461680601090646017
1461680600323006464
1461680600297971721
1461680600297971718
1461695756482625544
1461695756293730314
1461695756126109696
1461695755387904002
1461695755337740294
1461695754511212544
1461695754381242377
1461695753773109259
1461695753731153929
1461695753710149639
1461695753475301383
1461695753378693124
1461695753194201099
1461695752988766210
1461695752082710535
1461695752053436416
1461695751831052290
1461695751306764297
1461695750887333890
1461695750723850243
1461695750673477633
1461695750585389056
1461695750363041792
1461695749679427588
1461695749213900808
1461695749184446464
1461695749046087681
1461695748819456005
1461695748714770438
1461695748714602496
1461695748106440704
1461695747900985348
1461695747158646789
1461695747125043208
1461695746672152576
1461695746168832001
1461695746118496263
1461695746021933063
1461695745984184328
1461695745850028034
1461695745720000512
1461695745384493069
1461695745367625731
1461695745015357444
1461695745011105792
1461695744876990465
1461695744797069313
1461695744725954561
1461695744587431944
1461695744520466433
1461695744297947141
1461695744117813260
1461695744000368646
1461695743773794324
1461695743534632960
1461695743308271616
1461695743245312010
1461695743237005313
1461695743207555075
1461695742574268418
1461695742234476549
1461695742188343304
1461695742129500167
1461695741865377796
1461695741689307142
1461695741659807744
1461695740581920769
1461695739818647552
1461695739793272843
1461695739747176448
1461695739701178373
1461695739638128643
1461695739491504132
1461695739378163716
1461695739197890563
1461695738811928582
1461695738778374144
1461695738761601034
1461695738656833538
1461695738606465024
1461695737943805952
1461695737918595079
1461695737809575946
1461695737088122882
1461695736886829057
1461695736052129792
1461695735926120459
1461695735787925504
1461695735758532619
1461695735678877698
1461695735251054598
1461695735121031175
1461695734856699912
1461695734844166147
1461695734005305345
1461695733803876357
1461695733472501765
1461695733036367880
1461695733019652102
1461695732843487237
1461695732788903936
1461695732772225024
1461695731861966851
1461695731681488901
1461695731622887433
1461695731606212614
1461695731450847232
1461695731157413890
1461695730826059777
1461695730796662793
1461695730700242950
1461695730473521158
1461695729445920771
1461695729035063299
1461695728926003200
1461695727931961346
1461695727915184134
1461695727822938115
1461695727294373903
1461695727109873666
1461695726845669389
1461695726468038663
1461695726417850368
1461695726262566913
1461695725780279309
1461695725385957379
1461695725243355148
1461695725134360590
1461695725071310848
1461695725067247620
1461695725063086080
1461695724760928257
1461695724714926083
1461695724693905414
1461695724652011525
1461695724031201297
1461695723167170560
1461695722911412227
1461695722798133259
1461695722751868931
1461695722701611012
1461695722668052489
1461695722311593985
1461695722294763525
1461695722257109001
1461695721690775554
1461695721682489345
1461695721682485257
1461695721674088448
1461695721665667077
1461695721661513741
1461695720746930178
1461695720583540745
1461695720088604681
1461695719639760901
1461695719543394304
1461695719270719494
1461695719224582151
1461695718901485570
1461695718180143110
1461695717781774340
1461695717622239237
1461695717504950274
1461695717303488516
1461695715948724224
1461695715676143626
1461695715596541956
1461695715579764738
1461695715395059713
1461695715361574925
1461695715235803142
1461695715038662666
1461695714883428352
1461695714652790796
1461695714644344839
1461695714501828612
1461695714069680133
1461695713470033923
1461695713230917633
1461695712954101761
1461695712874438661
1461695712564064257
1461695712501063689
1461695712253653008
1461695711918047232
1461695711783886859
1461695711741943809
1461695711586791430
1461695711507095557
1461695711452479499
1461695711385423883
1461695711083384838
1461695710848593922
1461695710819147776
1461695710689214468
1461695710462717958
1461695710437560323
1461695710332698632
1461695709867134981
1461695709758042114
1461710855364509697
1461710854555119618
1461710854479618058
1461710854194352129
1461710853795844099
1461710853464412162
1461710853183520775
1461710853145706503
1461710852990672901
1461710852285820931
1461710852176838656
1461710851937812483
1461710851258437643
1461710851103199238
1461710850893533194
1461710850276921351
1461710850125877257
1461710849660256259
1461710849358413830
1461710847974252554
1461710847676346371
1461710847495979008
1461710847181475840
1461710847160504326
1461710847076704260
1461710846980235275
1461710846778871812
1461710846719975428
1461710846711709698
1461710846342713354
1461710845914800129
1461710845767991302
1461710845419872256
1461710845415677957
1461710845352845326
1461710844983664664
1461710844794974212
1461710844593688577
1461710844560039947
1461710843964444675
1461710843679232006
1461710843037556736
1461710842769166337
1461710842412609539
1461710842395779075
1461710841447956489
1461710841078857741
1461710840625782793
1461710840164405248
1461710839849766921
1461710839484928000
1461710839149477891
1461710838646067200
1461710838063116294
1461710837840764936
1461710837631049736
1461710837467516928
1461710836842573845
1461710836104187906
1461710835785650178
1461710835563249666
1461710835525500945
1461710835420696585
1461710834867003399
1461710834837581827
1461710834808377352
1461710833965170690
1461710833625481216
1461710833487069197
1461710833256439809
1461710832916643849
1461710832690102275
1461710832648216583
1461710831696158725
1461710831608082438
1461710831540834310
1461710831331291142
1461710831218053122
1461710830676975623
1461710830660165632
1461710830584713228
1461710828915372038
1461710828827254784
1461710828713828356
1461710828642738180
1461710828562837504
1461710828378288140
1461710828298670080
1461710827531214851
1461710827485020160
1461710827304669184
1461710826621091845
1461710826293841926
1461710826209832962
1461710825530576903
1461710824981110785
1461710824733650944
1461710824578420737
1461710824393691136
1461710824284860416
1461710823953473536
1461710823164887040
1461710822888067073
1461710822829297664
1461710822573441029
1461710822275747843
1461710821881430029
1461710821768122371
1461710821592121351
1461710821331980292
1461710821206204418
1461710821122318348
1461710821013217287
1461710820782579714
1461710820631621641
1461710820312760322
1461710820291887111
1461710820233162761
1461710820128305160
1461710819608178689
1461710819276705795
1461710819176165380
1461710818895179785
1461710818844811269
1461710818786091008
1461710818760876037
1461710818056171524
1461710817695617024
1461710817666035720
1461710816625971211
1461710816181460992
1461710815975903240
1461710815871053830
1461710815837532167
1461710815346708485
1461710815313154055
1461710815170637824
1461710815158018049
1461710815078322181
1461710815069880326
1461710814881239042
1461710814411436037
1461710813958443012
1461710813736091653
1461710813589352459
1461710813484527619
1461710813383696387
1461710813337731079
1461710813006159873
1461710812951707658
1461710812951638018
1461710812754726912
1461710812343586818
1461710812297547779
1461710811957764103
1461710811739656197
1461710811462725634
1461710811424964613
1461710811349622785
1461710810934349830
1461710810925912068
1461710810045161478
1461710809965412358
1461710809785114627
1461710809659154441
1461710809512374272
1461710808757551104
1461710808493309955
1461710808321171458
1461710807696388096
1461710807692156936
1461710807281152002
1461710807155150850
1461710807012495364
1461710807004286977
1461710806970732544
1461710806941421568
1461710806601678858
1461710806219997190
1461710806135959562
1461710805972525057
1461710805670449167
1461710805624401929
1461710805070663683
1461710804831637516
1461710804689035267
1461710804688855053
1461710804521205768
1461710804399624200
1461710803988406286
1461710803544031243
1461710803221069826
1461710803049009157
1461710802923184128
1461710802658938884
1461710802633867267
1461710802461896713
1461710802013110272
1461710801878896640
1461710801111236609
1461725955483963396
1461725955421097998
1461725955379150871
1461725955077062665
1461725954997424130
1461725954775134226
1461725954619887624
1461725954460590084
1461725954301214729
1461725953986637834
1461725953898471425
1461725953823059968
1461725953533616143
1461725953294577667
1461725953294573574
1461725953139302402
1461725952891883520
1461725952782778370
1461725952518627333
1461725952497504260
1461725952178798595
1461725952074043393
1461725951830675460
1461725951646216194
1461725951499321345
1461725951251857421
1461725951121895424
1461725951100915714
1461725950996013061
1461725950756933645
1461725950740250625
1461725949960069124
1461725949729382402
1461725949532295176
1461725949398077441
1461725948873740296
1461725948806459397
1461725948714303488
1461725948596924431
1461725948219383835
1461725948164907014
1461725948131397632
1461725947921526785
1461725947036676099
1461725946776629249
1461725946579402760
1461725946441089027
1461725946231336960
1461725945996492806
1461725945774100488
1461725945480597506
1461725945442746374
1461725945430265863
1461725945270882333
1461725944851300352
1461725944541024259
1461725944003981320
1461725943760838661
1461725943702212612
1461725943588737027
1461725943425212429
1461725942775169033
1461725942422900738
1461725941797842946
1461725941688901636
1461725941470801923
1461725941420507147
1461725941416275979
1461725941391052804
1461725941311418369
1461725941093134338
1461725940808048648
1461725940652855304
1461725940640268291
1461725940602445827
1461725940577361931
1461725940493406210
1461725940380225541
1461725940380147718
1461725939218456592
1461725938761228291
1461725938719334409
1461725938438209539
1461725938421575686
1461725938006249473
1461725937708511239
1461725937704353800
1461725937599455240
1461725937469435905
1461725936915660804
1461725936903065603
1461725936710144000
1461725936542490627
1461725936475422725
1461725936320192518
1461725936232148993
1461725936148221957
1461725936114622464
1461725935816822789
1461725935649103874
1461725935615500296
1461725935498108928
1461725935368036357
1461725934957088782
1461725934910849030
1461725934709583882
1461725934051069958
1461725933572964361
1461725933413408768
1461725933275168770
1461725932784263174
1461725932323016716
1461725931849007111
1461725931702263813
1461725931588968449
1461725931156955141
1461725930431340550
1461725930347536386
1461725930318184450
1461725929915486209
1461725929655480322
1461725929596764163
1461725929575694350
1461725929525420037
1461725929135169538
1461725929085063176
1461725928971804678
1461725928963272708
1461725928690577421
1461725928451502084
1461725928212598784
1461725928082403336
1461725927969333250
1461725927805702151
1461725927596081153
1461725927017173005
1461725926815846401
1461725926383837185
1461725926329405443
1461725926182596608
1461725926115328003
1461725926094520322
1461725925905686528
1461725925654122505
1461725925503127565
1461725925347708933
1461725925314375681
1461725925213708311
1461725925184352258
1461725925100322817
1461725924702007298
1461725924228055047
1461725924127174663
1461725924089479169
1461725923896696838
1461725923867172869
1461725923665928204
1461725923527561217
1461725923254935553
1461725923175284748
1461725922407718925
1461725922382417922
1461725922000707584
1461725921791066113
1461725921606615049
1461725920486727680
1461725920075595778
1461725919639441425
1461725919631101955
1461725919391932425
1461725919350075429
1461725919140274181
1461725919001952263
1461725918980763652
1461725918817366020
1461725918188216321
1461725917827502084
1461725917605154821
1461725917525549060
1461725917135482881
1461725917055700992
1461725916304973831
1461725916170801159
1461725915700940811
1461725915512254471
1461725915432599552
1461725915365392391
1461725915210301441
1461725915151486978
1461725914820227074
1461725914736304132
1461725914706976773
1461725914237214723
1461725914153246720
1461725913704452110
1461725913356410884
1461725913289273355
1461725913100472328
1461725912852926464
1461725912634998784
1461741054898671625
1461741053225099272
1461741053044744201
1461741052738551808
1461741052273041416
1461741052264517637
1461741052021387280
1461741051799121926
1461741051643760642
1461741051581026312
1461741051257966597
1461741051073470466
1461741050989453321
1461741050884730890
1461741050830241795
1461741050733731843
1461741050444267521
1461741050205192204
1461741050196860931
1461741049735528452
1461741049349554186
1461741048531673095
1461741048359800833
1461741048267517952
1461741047873249281
1461741047860666375
1461741047634141196
1461741047562661891
1461741047155994624
1461741046946312192
1461741046916861962
1461741046853996551
1461741046262644737
1461741046166175755
1461741045637697547
1461741045230845952
1461741044706512906
1461741044354240523
1461741044228407305
1461741044136124426
1461741044069023746
1461741044052242436
1461741044022665219
1461741043884474381
1461741043439841282
1461741043355996160
1461741043259346958
1461741042626093066
1461741042508697608
1461741042500358157
1461741042412175368
1461741041858473986
1461741041824849921
1461741041803874308
1461741041766199297
1461741041736892423
1461741041686568961
1461741041506160643
1461741041313144839
1461741040956805122
1461741040524746763
1461741040331726851
1461741039316836358
1461741039312642049
1461741039153205251
1461741038968578053
1461741038486315008
1461741038461231104
1461741037970501633
1461741037727195136
1461741037517430792
1461741037274210308
1461741037081149447
1461741036355534849
1461741036321923077
1461741036213092354
1461741036191969285
1461741036104044547
1461741035785101312
1461741035613208582
1461741035525005319
1461741035244204037
1461741034891841539
1461741034728267777
1461741034212413445
1461741033935548420
1461741033725829125
1461741033608212480
1461741033507729408
1461741033503526916
1461741033260142598
1461741032987627530
1461741032958304259
1461741032803078152
1461741032572342272
1461741032350093319
1461741032291414020
1461741032194904069
1461741032148664320
1461741031616040961
1461741031486111745
1461741031167348739
1461741030894616583
1461741030672416768
1461741030663987210
1461741030382919682
1461741030349414403
1461741029938409473
1461741029929930755
1461741029762256896
1461741029715951619
1461741029611163649
1461741029543976960
1461741029485432834
1461741029413965824
1461741028948561927
1461741028545904645
1461741028487008258
1461741028042551305
1461741028021575682
1461741027535081477
1461741027266482176
1461741027262357504
1461741026792685574
1461741026297749512
1461741026117406721
1461741025853018114
1461741025848877058
1461741025655934980
1461741025521659908
1461741025429528587
1461741025387499522
1461741025190461443
1461741025169494029
1461741024917794822
1461741024905240577
1461741024867463168
1461741024863207425
1461741024569700353
1461741024485818368
1461741024154468353
1461741023932162052
1461741023814733824
1461741023575556106
1461741023449825281
1461741023349166080
1461741023315443713
1461741023059607556
1461741023021998090
1461741022799671298
1461741022728245255
1461741022367649800
1461741022162075654
1461741022027952128
1461741021780328452
1461741021507768329
1461741021432201216
1461741021407195136
1461741021335736324
1461741021318942723
1461741021302247427
1461741021021319183
1461741020748517378
1461741020631244801
1461741019981131783
1461741019788152837
1461741019737858062
1461741019377111044
1461741019314151427
1461741019213484044
1461741018944921604
1461741018944921600
1461741018940944398
1461741018701877256
1461741018693488653
1461741018555068427
1461741017737179146
1461741017737138180
1461741016994574336
1461741016885694474
1461741016390774791
1461741016348831753
1461741016319410182
1461741016214614024
1461741016164323333
1461741015577018369
1461741015501393926
1461741015488942085
1461741015321174016
1461741015069507592
1461741014981525509
1461741014931193870
1461741014872301572
1461741014817939459
1461741014662758410
1461741014285094913
1461741014247485443
1461741013236604935
1461741013228154883
1461741013081497605
1461756154434965515
1461756154300743680
1461756154271338504
1461756153579331585
1461756153508122629
1461756152958627848
1461756152908292102
1461756152878968843
1461756152878931968
1461756152673411075
1461756152463585287
1461756152014798848
1461756151930966021
1461756151448621058
1461756151427702793
1461756151192821762
1461756151129911300
1461756150844637197
1461756150785970179
1461756150492237833
1461756150236467201
1461756149930332163
1461756149875843072
1461756149284417540
1461756148550410248
1461756148307087365
1461756147808063493
1461756147283775495
1461756146855911439
1461756146121908227
1461756145526321163
1461756145245335557
1461756145106923528
1461756145047982085
1461756144745996293
1461756144695726080
1461756144603615232
1461756144494518275
1461756144414822401
1461756143437500422
1461756143425007621
1461756143156531208
1461756142615474181
1461756142435110912
1461756141998907400
1461756141688524803
1461756141592006659
1461756140992307205
1461756140895842305
1461756140853751808
1461756140669317124
1461756140581269509
1461756140304297984
1461756139457196033
1461756139092197379
1461756138735616002
1461756138408529924
1461756138387509250
1461756137460674571
1461756137162764288
1461756137120829441
1461756136726663172
1461756136479244299
1461756134633709571
1461756134327734272
1461756133991870466
1461756133920546819
1461756133572554754
1461756132993732616
1461756132968517633
1461756132708560903
1461756132452540416
1461756132347854855
1461756131790016521
1461756131769040897
1461756131630583813
1461756131538255872
1461756131479592973
1461756131290845185
1461756131257290752
1461756131106340870
1461756131093667848
1461756130699399182
1461756130561036289
1461756130498121731
1461756130204471296
1461756130045181956
1461756130045087744
1461756129432809473
1461756128900141063
1461756128593858569
1461756127864135684
1461756127671033857
1461756127570452481
1461756126966558720
1461756126815559682
1461756126689517570
1461756126349959171
1461756126161248262
1461756126148632576
1461756125817315328
1461756125670477831
1461756125620027395
1461756124634529800
1461756124462415876
1461756123858579464
1461756123682381839
1461756123069894657
1461756122986078209
1461756122973495314
1461756122969387008
1461756122692522006
1461756122423906304
1461756121719484423
1461756121354493958
1461756121199390720
1461756121039970308
1461756120800841740
1461756120666681344
1461756120435933185
1461756120012361743
1461756119932620802
1461756119840395282
1461756119794204672
1461756119647506437
1461756119450374148
1461756119156768774
1461756119152529413
1461756119005769736
1461756118934376453
1461756118766604288
1461756118519226372
1461756118393311237
1461756118120685579
1461756116984029186
1461756116199739394
1461756115599908866
1461756114949840901
1461756114454859777
1461756114371031051
1461756114186518529
1461756113846685702
1461756113800638469
1461756113666326532
1461756113502695425
1461756113368535046
1461756112395333636
1461756112311623680
1461756112064200710
1461756112064196614
1461756112051576840
1461756111980310539
1461756111976026117
1461756111413911560
1461756111183396870
1461756110835179532
1461756110243872772
1461756110134820875
1461756110000607238
1461756109966958604
1461756109136424961
1461756109035876356
1461756108893134848
1461756108746412039
1461756108675031044
1461756108465479691
1461756108461289473
1461756108012462089
1461756107236458497
1461756107047776259
1461756106837999629
1461756106833895431
1461756106741620739
1461756106192179203
1461756105873403909
1461756105810448386
1461756105269420032
1461756104589856769
1461756104522665986
1461756104405303297
1461756103864246274
1461756103625170947
1461756103591706628
1461756103109185537
1461756102891253767
1461756102824153089
1461756102413066241
1461756101691682823
1461756101591027716
1461756101137940480
1461756101133836297
1461756100601171975
1461756100252950531
1461756100043284485
1461756099955027975
1461756099892109319
1461756099078627330
1461756098172628998
1461756098130624530
1461756097283375110
1461771253145079814
1461771253090500612
1461771252763344907
1461771252729716741
1461771252692099076
1461771252637605889
1461771252583092228
1461771252553502726
1461771252234915852
1461771251915968512
1461771251358261249
1461771251324698628
1461771251052130311
1461771251005931524
1461771250892775440
1461771250494316552
1461771249730871305
1461771249647038467
1461771249470816259
1461771249173123078
1461771249051484163
1461771248900444164
1461771248871124997
1461771248636248066
1461771248430682113
1461771248313245707
1461771246866100227
1461771246551580682
1461771246245347330
1461771246190878721
1461771246052511748
1461771245423194112
1461771245100355586
1461771245037494282
1461771245029109760
1461771244991356933
1461771244475400192
1461771244223741958
1461771243946921989
1461771242734821390
1461771242621612035
1461771240893415427
1461771240050511886
1461771239991689220
1461771239379419146
1461771239345827843
1461771239169667077
1461771239068946441
1461771238771236866
1461771238288855049
1461771238108381184
1461771237873664001
1461771237827432452
1461771236921511939
1461771236657225735
1461771236577452032
1461771236405657611
1461771236220887045
1461771236095184898
1461771235659034632
1461771235273187330
1461771234375618568
1461771233498779657
1461771233486385157
1461771233410924545
1461771233381392392
1461771233356357638
1461771232710377473
1461771232689352705
1461771232530120724
1461771232269975566
1461771232207114247
1461771232098009089
1461771231741554693
1461771231649320961
1461771230965637129
1461771230768472066
1461771230000959496
1461771229849964548
1461771229577240586
1461771229438820354
1461771228968992770
1461771228839124997
1461771228604104707
1461771228503580678
1461771228365131788
1461771228130254854
1461771227924770822
1461771227475890187
1461771227312361480
1461771227069132801
1461771225580122118
1461771225395572745
1461771224812441604
1461771223357177864
1461771223302656005
1461771223097094147
1461771222887325702
1461771222304313347
1461771222199455748
1461771221872390146
1461771221817823232
1461771221746524167
1461771219628400640
1461771219427024902
1461771219359907841
1461771219162837005
1461771218852405252
1461771218772660225
1461771218562863111
1461771218500083715
1461771218349088773
1461771217950621705
1461771217858449423
1461771217644318720
1461771217111769095
1461771216277151754
1461771215991934980
1461771215933263873
1461771215895465987
1461771215778070529
1461771215236833284
1461771214943367180
1461771214888783873
1461771213966135307
1461771213907312652
1461771213487939589
1461771212997152769
1461771212938518532
1461771212418334729
1461771212384878593
1461771211449503752
1461771211323629568
1461771211181113346
1461771210425917443
1461771210182860808
1461771209960562691
1461771209842909185
1461771209478180872
1461771209058754569
1461771209037660160
1461771208567967757
1461771208320593930
1461771208282750977
1461771207917768705
1461771207280316424
1461771206252711939
1461771206177267722
1461771206156247047
1461771205552357384
1461771205317472259
1461771205023653900
1461771204843429893
1461771204386177025
1461771203211718656
1461771202259603456
1461771202016559113
1461771201945092097
1461771201848791049
1461771201554964480
1461771201022468107
1461771200925945859
1461771200380784651
1461771200313667593
1461771200049278978
1461771198963011586
1461771198619168778
1461771198443003905
1461771198153515016
1461771198140923916
1461771197318848513
1461771197230850053
1461771196618485776
1461771196530413574
1461771196459016199
1461771195834056709
1461771195544711168
1461771195481608192
1461771194886148109
1461771194256953349
1461771193921548296
1461771193762123777
1461771193376202763
1461771193124634635
1461771192700968963
1461771192680030220
1461771192600350729
1461771192109617154
1461771192004759556
1461771191937601550
1461771191673311232
1461771191249690625
1461771191140720642
1461771191111278593
1461771190243049477
1461771190234718212
1461771190079569922
1461771190075338755
1461771189374779397
1461771189257445378
1461786353260183570
1461786352966676486
1461786352933081090
1461786352891088899
1461786352215805955
1461786352035450880
1461786351880261634
1461786351003701255
1461786350869491717
1461786350781403139
1461786350760378371
1461786350324170755
1461786349690933249
1461786349179228170
1461786349175021570
1461786348147326977
1461786347430100997
1461786346721263620
1461786346197073924
1461786346025107464
1461786345119100934
1461786344049582088
1461786343709814788
1461786341029646336
1461786340681523206
1461786340354408451
1461786339565785089
1461786339456823300
1461786339351965698
1461786339087638532
1461786338689179653
1461786338156597248
1461786337485414407
1461786337447665668
1461786337175130117
1461786336826900484
1461786336801828877
1461786336772374528
1461786336768126976
1461786335648362505
1461786335459655680
1461786335203713029
1461786335010856961
1461786334805254144
1461786334629183491
1461786333882499076
1461786333572182018
1461786333429514243
1461786332376834050
1461786332326510597
1461786331886112771
1461786331881873419
1461786331407921156
1461786331043012615
1461786330560618499
1461786330053152774
1461786329130409994
1461786329054859289
1461786327851151369
1461786327708536841
1461786327595339781
1461786327372996622
1461786326240538631
1461786326223699974
1461786326014074890
1461786325842022415
1461786325754036235
1461786325724680194
1461786325598851073
1461786324642455558
1461786324088856582
1461786323451318275
1461786323182833671
1461786322759294980
1461786322708877322
1461786322683768835
1461786321760968709
1461786321492619273
1461786321471614980
1461786320104308740
1461786319923810304
1461786319793930241
1461786319781257225
1461786319722536965
1461786319655419907
1461786319185747981
1461786318644649995
1461786318615236609
1461786317487054857
1461786317344452614
1461786316643966986
1461786316392341512
1461786316098744329
1461786315473793024
1461786315251462156
1461786315008229383
1461786314433605632
1461786314303488003
1461786314299355137
1461786313514967040
1461786313473105932
1461786313393328133
1461786313099812867
1461786313041096717
1461786312894300163
1461786312806129666
1461786312638451718
1461786312323776518
1461786311996719107
1461786311539544065
1461786311245901836
1461786311157854224
1461786311069773825
1461786310914543622
1461786310591528967
1461786310461599748
1461786310402846733
1461786309928833024
1461786309765259267
1461786309140357123
1461786308498665472
1461786308330799109
1461786307794030593
1461786307521351691
1461786307487744001
1461786307391275011
1461786307122843651
1461786306896404487
1461786306229460997
1461786306208575503
1461786305059336196
1461786304744763403
1461786304677650439
1461786304157556752
1461786304052699136
1461786304023339022
1461786303708766220
1461786303410970631
1461786303331241991
1461786303197073409
1461786303050223620
1461786302173560835
1461786302127484928
1461786299959025670
1461786299321532424
1461786299317243907
1461786299233415179
1461786298264473602
1461786298251939849
1461786297954091016
1461786297924730894
1461786297534722057
1461786297228574736
1461786296519692300
1461786296515538944
1461786296368746501
1461786294779092994
1461786294510620678
1461786293948534792
1461786292375728128
1461786292329533449
1461786291444625411
1461786291218092049
1461786291079725065
1461786290521878530
1461786290404352008
1461786290240864263
1461786290228285444
1461786289187995650
1461786288928047112
1461786288735072268
1461786288462483465
1461786287975903234
1461786287841718280
1461786286348455943
1461786286340157451
1461786286302412807
1461786286214332423
1461786285899669514
1461786285165662215
1461786285136244736
1461786285006372873
1461786284477800451
1461786283882258433
1461786282351280135
1461786281919361027
1461786281890004994
1461786281504129024
1461786280740728835
1461786280187023366
1461786280082219012
1461786279654404112
1461786278089924608
1461786277922189320
1461786277729107968
1461786277251014666
1461786276848443397
1461786276764471310
1461786276689068032
1461786275866976266
1461801452838567940
1461801452268134402
1461801452268134400
1461801451802578947
1461801451789996038
1461801451609546756
1461801451563458561
1461801451546722308
1461801451307606023
1461801451257225221
1461801450821070851
1461801450435231747
1461801450145824772
1461801449801854982
1461801449659244550
1461801449546031107
1461801449340420097
1461801449227264001
1461801447792721921
1461801447675379728
1461801447528538120
1461801447461425158
1461801446962343946
1461801446660362245
1461801446580625414
1461801446320623624
1461801445800525825
1461801445578186757
1461801445561450509
1461801444605149190
1461801444554727424
1461801444185673737
1461801444064047106
1461801443078328326
1461801443002880009
1461801442084278276
1461801441975279621
1461801441425821705
1461801441190948869
1461801441081839616
1461801440544972813
1461801440536637446
1461801440352120846
1461801440242978816
1461801439630614531
1461801439475470337
1461801438959579147
1461801438783459336
1461801438523371524
1461801438326177798
1461801438099685381
1461801437868937218
1461801437739077632
1461801436535267343
1461801435918651402
1461801435570573313
1461801434740146179
1461801434601689092
1461801434433863693
1461801433792225290
1461801433754447873
1461801433615982593
1461801432798138375
1461801432777207818
1461801432718491650
1461801432408023050
1461801431418216456
1461801431330168846
1461801431099453446
1461801430982045706
1461801430210207749
1461801430101209091
1461801429757304832
1461801429455323137
1461801429031604237
1461801428989657095
1461801428830367750
1461801428603834375
1461801427978833929
1461801427475611650
1461801427228053509
1461801426519306241
1461801426271809539
1461801426166890498
1461801425781022732
1461801425659437064
1461801425600749577
1461801425466540032
1461801425340620808
1461801425311305728
1461801425147777025
1461801425076371459
1461801425072271373
1461801424602476544
1461801424543752192
1461801424363401237
1461801423730053121
1461801422886952975
1461801422517850113
1461801422421467148
1461801422337490952
1461801421871976448
1461801421779705863
1461801419946790918
1461801418126499850
1461801418113884163
1461801417866452996
1461801417719664652
1461801417665126401
1461801417522438149
1461801417463713799
1461801417077833736
1461801417056866313
1461801416553545728
1461801415693717513
1461801415354036227
1461801414762672131
1461801414636802056
1461801414456492040
1461801414406119439
1461801414213132288
1461801413298823172
1461801413282091015
1461801412778729472
1461801412363436036
1461801412082515981
1461801412061446153
1461801411876990991
1461801411713327106
1461801411478446088
1461801411461750795
1461801411419807745
1461801411369390082
1461801411327500291
1461801411260387329
1461801410945851396
1461801410878713857
1461801410299940865
1461801410266374150
1461801410190794755
1461801410153095173
1461801409180057601
1461801408794136587
1461801408546623501
1461801408051744774
1461801407963701264
1461801407854616581
1461801407766540289
1461801407758188554
1461801407024148488
1461801406403420161
1461801406256529408
1461801406097154051
1461801405887430656
1461801405698695171
1461801405635825667
1461801405614903302
1461801405585502211
1461801405006729221
1461801405006721039
1461801404377571329
1461801404230684676
1461801403903582208
1461801403849097219
1461801403643580418
1461801403542908936
1461801403505156096
1461801403265994759
1461801403119190017
1461801403094126598
1461801402901086212
1461801402884403205
1461801402234249216
1461801402230005761
1461801401990975498
1461801401869340681
1461801401647050764
1461801400304914439
1461801400082518016
1461801400078422020
1461801399851888650
1461801399440842756
1461801399285596160
1461801399059111945
1461801398862073857
1461801398862024707
1461801398711037953
1461801397549244419
1461801397511467014
1461801397477806086
1461801397037543424
1461801396873879561
1461801396819402755
1461801396613914624
1461801396290924548
1461801395594670086
1461801394978045953
1461801394726481925
1461801394487414784
1461801394164404232
1461816551984750602
1461816551556931589
1461816550986506245
1461816550944489474
1461816549883486212
1461816549493260295
1461816549145260034
1461816549115928580
1461816548939685891
1461816548868378624
1461816548809715715
1461816548709093387
1461816548016930817
1461816547463340038
1461816546901250054
1461816546830041092
1461816546830000130
1461816546280583178
1461816545978507272
1461816545869447173
1461816545655537678
1461816545286537217
1461816545156513793
1461816543717859329
1461816543277248518
1461816542560239616
1461816542526590985
1461816542111412227
1461816541972992007
1461816541952057346
1461816541939445765
1461816541616427024
1461816541469683716
1461816541431975942
1461816541054443526
1461816540421136388
1461816539951284235
1461816539812970500
1461816539649388547
1461816539515080707
1461816539334819845
1461816538055548930
1461816538021912583
1461816537287991302
1461816537111740424
1461816537053077506
1461816536717574155
1461816535408947202
1461816535169777686
1461816534926602245
1461816534469390337
1461816534007963655
1461816533827690499
1461816533689192454
1461816533643145223
1461816533408264193
1461816532657442821
1461816532120522752
1461816532103749639
1461816532032536589
1461816531957035025
1461816531038310409
1461816530862231560
1461816530505768971
1461816529943777288
1461816529939570692
1461816529553702912
1461816528479870983
1461816528253460485
1461816527641100303
1461816527443927047
1461816526814814212
1461816526118567941
1461816525631934466
1461816525384470535
1461816524809908227
1461816524763799554
1461816524323360771
1461816522985377799
1461816521429340165
1461816521085231109
1461816520464646147
1461816520145870850
1461816520070373377
1461816520066093063
1461816519629942787
1461816519344726033
1461816518132609024
1461816517826334738
1461816517780283398
1461816517578965001
1461816517360852996
1461816517222445059
1461816516689735680
1461816516492632071
1461816516178071557
1461816516119343115
1461816515997671425
1461816515880235014
1461816514835795979
1461816514743578630
1461816513317462020
1461816512365346824
1461816512298340352
1461816512109588488
1461816511828574210
1461816511757234180
1461816511128084495
1461816511119589380
1461816510721277962
1461816510188507140
1461816509874024457
1461816509613883396
1461816509429432320
1461816509374685184
1461816509211328521
1461816509140017154
1461816508615741441
1461816507894312966
1461816507860672525
1461816507709669381
1461816507504205836
1461816507466502149
1461816507185438727
1461816507088912388
1461816506686312449
1461816506644324358
1461816506581491717
1461816506367590402
1461816506044633091
1461816505985810434
1461816505981714434
1461816505927098385
1461816505897787400
1461816505696407559
1461816505339940864
1461816504543068162
1461816504224210959
1461816504169676809
1461816503758725128
1461816503649636358
1461816503582347265
1461816503288930312
1461816502915678224
1461816502559068165
1461816502441570304
1461816502429040659
1461816502106169344
1461816502080917509
1461816501678362637
1461816501539901448
1461816501514739714
1461816501447577603
1461816501367980040
1461816501304975361
1461816501032427522
1461816500701044743
1461816500667523072
1461816499983851524
1461816499044327424
1461816498486394890
1461816498264158213
1461816498209669124
1461816498096381957
1461816497857175554
1461816497798533134
1461816497739808786
1461816497505026063
1461816496901042180
1461816496812875781
1461816496737374210
1461816496464830474
1461816495420362755
1461816494644465674
1461816494413787141
1461816493948215303
1461816493574918156
1461816493520392195
1461816493340041223
1461816493247586307
1461816492450668545
1461816492102721546
1461816491821654016
1461816491674853383
1461816490953482249
1461816490919878659
1461816490349535236
1461816490294919175
1461816490030780423
1461816489967824907
1461816489804189708
1461816489615319040
1461816489305124865
1461816489053413376
1461816488692748300
1461816488168460296
1461816487660769281
1461816487342227456
1461816486708793344
1461816486704697352
1461831651630231559
1461831651248549901
1461831650577457158
1461831649554014208
1461831649419833345
1461831648949985282
1461831648547377152
1461831647440035847
1461831647314300934
1461831647096102913
1461831647016341505
1461831646894821376
1461831646890573827
1461831646810943496
1461831646752219146
1461831646458564612
1461831645305131014
1461831644239872003
1461831642973184017
1461831642662666244
1461831641341517828
1461831641006063618
1461831640926367755
1461831640863457288
1461831640401862656
1461831639802208261
1461831639743569921
1461831639173152772
1461831639005290498
1461831638921457667
1461831638841802753
1461831638313279502
1461831638304886790
1461831638283862021
1461831637486948355
1461831636270600200
1461831635364552707
1461831635184226307
1461831634970464256
1461831634701979656
1461831634240655361
1461831634223837189
1461831634127405064
1461831634068533252
1461831633640771586
1461831632629948422
1461831632026062859
1461831631912660997
1461831631862308869
1461831631375716354
1461831631170412555
1461831630843260928
1461831630797029377
1461831630235095049
1461831629471633408
1461831629463339008
1461831629203075073
1461831628435693570
1461831628347658248
1461831627076739075
1461831626980265994
1461831626686664708
1461831626305024004
1461831625453494273
1461831625441005574
1461831624253976577
1461831624006455319
1461831623972900864
1461831623385751554
1461831622068555781
1461831621527711744
1461831621317992449
1461831620999143424
1461831620311367685
1461831619707166724
1461831619539570693
1461831619501830155
1461831619120033794
1461831618604245001
1461831617861804048
1461831617828118528
1461831615919833096
1461831615861166086
1461831615806648328
1461831615781482501
1461831615684960261
1461831615525658631
1461831615345270792
1461831613793382404
1461831613751480325
1461831613730508810
1461831613340434436
1461831613122240513
1461831612941967367
1461831612082143236
1461831612040163334
1461831611297812484
1461831611280990208
1461831610836344834
1461831610026897423
1461831609875722242
1461831609347416066
1461831609339068418
1461831609167065090
1461831608928022532
1461831608592478209
1461831608034541570
1461831607623598089
1461831607313215494
1461831606616821760
1461831606486896644
1461831605916340234
1461831605018939400
1461831604758843393
1461831604729307138
1461831604398137350
1461831604024795137
1461831603840290817
1461831603743870978
1461831603542536192
1461831603500552195
1461831603244699650
1461831602611359744
1461831601906597890
1461831601810284545
1461831601222995977
1461831600438661121
1461831600073805833
1461831599973183495
1461831599478087687
1461831598291124228
1461831598165438470
1461831598144311302
1461831597850865668
1461831597527900163
1461831596747722759
1461831596550639618
1461831596403740677
1461831596093358086
1461831595980115970
1461831595804008454
1461831595149742081
1461831594566692866
1461831592909975554
1461831591697829901
1461831591622328324
1461831591429390339
1461831590959529990
1461831590905004037
1461831590821126147
1461831590783422472
1461831590552743950
1461831590443687940
1461831590049427458
1461831589797715974
1461831589663543301
1461831588484943877
1461831588107407360
1461831587956363270
1461831587851640838
1461831587545419778
1461831587495043079
1461831587239108612
1461831587042140166
1461831586807222279
1461831585368580111
1461831584441679879
1461831584047407111
1461831583204319236
1461831583086911489
1461831583044939779
1461831583003025413
1461831582805856261
1461831582231277583
1461831581283368972
1461831581191004166
1461831580914270218
1461831580696076296
1461831580490608643
1461831577927831553
1461831577248358407
1461831577202139136
1461831576854147076
1461831576564740097
1461831576535199749
1461831576073949193
1461831576023707649
1461831575964848131
1461831575847510024
1461831575369355267
1461831575222599683
1461831575121776646
1461831574433894402
1461831574085935109
1461831573737775108
1461831572852781061
1461831572202700805
1461831571888087050
1461831571850371072
1461831571107979266
1461846746837958662
1461846746737295366
1461846746380877828
1461846746082922499
1461846745302904835
1461846744803672071
1461846744615030789
1461846743595814918
1461846743168000007
1461846742706622464
1461846742404460550
1461846742354255884
1461846741817430018
1461846741234462734
1461846741096046606
1461846740529827850
1461846740458422274
1461846740106162176
1461846740068233223
1461846739661602819
1461846739518906385
1461846739187609605
1461846739015634945
1461846738893869056
1461846738562699267
1461846738558504961
1461846737572798472
1461846737551716352
1461846737455308808
1461846736851415045
1461846736759099394
1461846735865610252
1461846735832039427
1461846735643451394
1461846735576309762
1461846734930419715
1461846734888439810
1461846734825574405
1461846734695501829
1461846733944758282
1461846733860790272
1461846733369925634
1461846733256855552
1461846732908679172
1461846732539633673
1461846732476588037
1461846732220817408
1461846732044742659
1461846731830829060
1461846730492846080
1461846730467594241
1461846729863708683
1461846729393803270
1461846728655650822
1461846728550883332
1461846727569387525
1461846727548411905
1461846727074344962
1461846727057674250
1461846726814441479
1461846726482935811
1461846725581103106
1461846725375807488
1461846725266706432
1461846724847230983
1461846724746653696
1461846724633321475
1461846724599693315
1461846724444667919
1461846724226527242
1461846723979001860
1461846723127652352
1461846722980859912
1461846722951348228
1461846722024558603
1461846721898582021
1461846721760272389
1461846721730945024
1461846721101807625
1461846720216813573
1461846719537291266
1461846718367084552
1461846718299836416
1461846718237061129
1461846717540622342
1461846714822836225
1461846714374053896
1461846713065512963
1461846712696328199
1461846712587325453
1461846712281042945
1461846712042102786
1461846711542988805
1461846711316496388
1461846711266168834
1461846710813184003
1461846710431498240
1461846710016258050
1461846709839958019
1461846709437300738
1461846708862738446
1461846708472659978
1461846707876990980
1461846707533225996
1461846707512217604
1461846706736320515
1461846706136522762
1461846705041776649
1461846704437678084
1461846704437616652
1461846702621609995
1461846702072209414
1461846701996601345
1461846701849907207
1461846701698809863
1461846701115797504
1461846700906057732
1461846700751044609
1461846700629413899
1461846700281274373
1461846700230860801
1461846699513552902
1461846699404521475
1461846699249336326
1461846699220119554
1461846698741968900
1461846698641092611
1461846698502803470
1461846698267791363
1461846698054012936
1461846697844396036
1461846697521426436
1461846696338599945
1461846696099336192
1461846695961141254
1461846695931695105
1461846695176716289
1461846695159992325
1461846694400831492
1461846693343907845
1461846693176123400
1461846693113069571
1461846692936904706
1461846692924428293
1461846692874051591
1461846692572008449
1461846692521816065
1461846692291133453
1461846692261777415
1461846692169408513
1461846690852323330
1461846690672033804
1461846690114195467
1461846690093273096
1461846689980035078
1461846689342500868
1461846689103462406
1461846689057226755
1461846688860188679
1461846688071667717
1461846687928967177
1461846687450808334
1461846686985297923
1461846686196772865
1461846686175739912
1461846686028943369
1461846685680873473
1461846685542408197
1461846685517287429
1461846684825235456
1461846684498071555
1461846684187643912
1461846683893964811
1461846683491483654
1461846683189395458
1461846682522505223
1461846682254065665
1461846682023260165
1461846681780211718
1461846681423601676
1461846681251631112
1461846680521699331
1461846680488366097
1461846680345710604
1461846680274276354
1461846680039571457
1461846679192178693
1461846679058010120
1461846677480951823
1461846677468364805
1461846677464231937
1461846676461735943
1461846675824152578
1461846675677450242
1461846675589324800
1461846675446714369
1461846675421552643
1461846675346145291
1461846675119616002
1461846674595319817
1461499458747777027
1461499458479439872
1461499456793321478
1461499456709398531
1461499455987929101
1461499455908241408
1461499455421788164
1461499455346257920
1461499454897332229
1461499454297624581
1461499454259974147
1461499453907550223
1461499453177614339
1461499452104052740
1461499451839705095
1461499451260948485
1461499449625174020
1461499449394532353
1461499449319084036
1461499448291430403
1461499448199204874
1461499447565713408
1461499446982844417
1461499446655655937
1461499445510610951
1461499445502115847
1461499444692615170
1461499444411654149
1461499444411645954
1461499444050808833
1461499443904016385
1461499443652358150
1461499443476377603
1461499442813624321
1461499442549256192
1461499442431873025
1461499441777557508
1461499441165352962
1461499441072984066
1461499440833839106
1461499440792023046
1461499440058052608
1461499439911104515
1461499439323889672
1461499438879293444
1461499438711590914
1461499438476795904
1461499438095278082
1461499437952421888
1461499436887121926
1461499436878680067
1461499436492890118
1461499436291534849
1461499436157136900
1461499435708465167
1461499434752221191
1461499433724493824
1461499433603014656
1461499433309327364
1461499432038539276
1461499432017424388
1461499431925207041
1461499431916748802
1461499431900139525
1461499431853989888
1461499431799476231
1461499431136776194
1461499430889263104
1461499430637608962
1461499430234832901
1461499429756837889
1461499429219876873
1461499429123411968
1461499428397854721
1461499427814731776
1461499427550470151
1461499427475103744
1461499427168919552
1461499427030388736
1461499426472710145
1461499426216689667
1461499426111987712
1461499425667301380
1461499425495388175
1461499425172254720
1461499425038249986
1461499425034014725
1461499424262217732
1461499424119693324
1461499422337114116
1461499420428673027
1461499419484852225
1461499418922733570
1461499418721411077
1461499418637709317
1461499418394435592
1461499418205687811
1461499418126036995
1461499418042003456
1461499417870188550
1461499417727541249
1461499417668857877
1461499417534500873
1461499417404624898
1461499416632864768
1461499416590835717
1461499416167292931
1461499415865315334
1461499415416426498
1461499414581809152
1461499414288031749
1461499414208401412
1461499413642235916
1461499413306621957
1461499412899762176
1461499412203638797
1461499411930894338
1461499411834544135
1461499411566141443
1461499410278400004
1461499409246535684
1461499408139255809
1461499407740850184
1461499407367553027
1461499406558154754
1461499405908037638
1461499405719142400
1461499405668737026
1461499405467488260
1461499405442314242
1461499405438267396
1461499405421449216
1461499404695838723
1461499404293128193
1461499403957682177
1461499403508727811
1461499403194093573
1461499403168980997
1461499403030740999
1461499402833604610
1461499402573553665
1461499401860354050
1461499401566892044
1461499401504006145
1461499401130496000
1461499399591407616
1461499399499046916
1461499399494852612
1461499398978953222
1461499398848921608
1461499398752514050
1461499397829808130
1461499397406142468
1461499397108289536
1461499396974067722
1461499396365819905
1461499396189835265
1461499394944126976
1461499394683985920
1461499394537103367
1461499394512109576
1461499394231054341
1461499393723584518
1461499393400524803
1461499392427442183
1461499392255479814
1461499391588515840
1461499391504756742
1461499390271496193
1461499389730381825
1461499389130809347
1461499388732358657
1461499387998351363
1461499387549569037
1461499387096543234
1461499386706464772
1461499386588975108
1461499386576486402
1461499386530340870
1461499386429587462
1461499386081464327
1461499385632591877
1461499385272049666
1461499385158766598
1461499384819064839
1461499384776904705
1461499384735186947
1461499384529666051
1461499384449884160
1461499384252682241
1461499383602716676
1461499383413755904
1461499383233626116
1461499382705135616
1461499382583472128
1461499381966786562
1461499381065129986
1461499380758949893
1461499378535964674
1461499377374175236
