1462949010159849478
1462949010117910532
1462949009916669962
1462949009413361673
1462949008771633162
1462949008666619905
1462949008612028421
1462949008176033798
1462949008108830735
1462949007982874626
1462949007618154497
1462949007609798664
1462949007420887049
1462949007278362629
1462949007009873920
1462949006527500291
1462949006225686531
1462949006015877130
1462949005264965639
1462949005000908805
1462949004711444483
1462949004644425732
1462949002517827595
1462949002253684743
1462949001884581893
1462949001809084417
1462949001259536387
1462949001028898816
1462949000940867584
1462949000873603075
1462949000567525380
1462949000500236289
1462949000475250690
1462949000395386884
1462949000005308419
1462948998910722049
1462948998734651394
1462948998688374787
1462948998650773509
1462948997937577984
1462948997858009089
1462948997849657344
1462948997765632000
1462948997350440962
1462948996738072582
1462948996306157579
1462948995915866119
1462948995735732228
1462948995047862279
1462948994976518149
1462948994733076480
1462948993969893382
1462948993877647363
1462948993701490696
1462948993294651394
1462948992992567298
1462948992891957248
1462948992690569216
1462948992023597063
1462948990643621890
1462948990178131970
1462948990123753477
1462948989070942215
1462948988684943362
1462948988496519169
1462948987464527873
1462948985681944576
1462948985094684678
1462948984750690309
1462948984557916160
1462948983379087360
1462948983291228160
1462948982687109127
1462948982280253443
1462948982246699012
1462948981697400835
1462948981558890501
1462948981336596484
1462948980870975490
1462948980678180874
1462948980644630534
1462948980103553025
1462948978761388035
1462948978723459076
1462948978513829888
1462948977926713346
1462948977289175042
1462948977289093122
1462948977192706048
1462948976454357001
1462948976374820865
1462948976173404162
1462948975762362368
1462948975527350278
1462948975158251521
1462948975082889219
1462948975032647685
1462948974826975237
1462948974508187652
1462948974470516741
1462948974256607241
1462948974105665537
1462948974034186243
1462948973723852804
1462948973308567552
1462948973203927044
1462948973111652370
1462948972713050115
1462948972595716102
1462948972557918209
1462948972088250378
1462948971857461252
1462948971802988544
1462948971572350980
1462948970762752001
1462948969898815494
1462948969722662918
1462948969689006081
1462948969521242120
1462948969231699975
1462948969085128705
1462948968632102912
1462948968577523714
1462948968518897664
1462948967810015232
1462948966400593926
1462948966119747584
1462948965767270405
1462948965377261570
1462948965062742019
1462948964999864322
1462948964810903553
1462948964685291526
1462948964383301640
1462948964194344961
1462948964081278984
1462948964022591488
1462948963242414082
1462948963099848713
1462948962835390473
1462948962298732548
1462948962135068679
1462948961707249669
1462948961644388353
1462948961472458757
1462948961283567616
1462948961090637828
1462948960822185986
1462948960499208192
1462948959664627712
1462948959425495041
1462948958725193728
1462948958465110039
1462948957978599427
1462948957655646213
1462948957240365058
1462948956879527937
1462948955835277314
1462948955592003585
1462948955193368591
1462948955176652801
1462948954937692161
1462948954832875529
1462948954593632257
1462948954564300800
1462948954476359682
1462948953599660044
1462948953545220097
1462948953188675584
1462948952911892491
1462948952622477317
1462948952588922880
1462948952177885185
1462948952014262272
1462948951506759684
1462948951439466496
1462948951120826373
1462948950949134339
1462948950890233859
1462948950386876421
1462948950369992706
1462948950152036357
1462948950072340480
1462948949875113989
1462948949774549003
1462948947488477188
1462948947358625795
1462948947245240324
1462948947207598081
1462948946976940033
1462948946528067584
1462948946213494794
1462948945898835972
1462948945869647878
1462948945534099459
1462948944896425984
1462948944674279430
1462948944250646529
1462948944250556422
1462948944095367171
1462964109058527233
1462964108786085898
1462964108605595648
1462964108446539777
1462964108115025920
1462964108047888387
1462964107364106241
1462964106613469185
1462964106357616644
1462964106277920776
1462964105074126848
1462964104881229826
1462964104495198210
1462964104272891905
1462964103954186243
1462964103576645638
1462964103148941321
1462964102720995338
1462964102536392706
1462964102326800390
1462964102158950403
1462964101836156936
1462964101144002560
1462964100649177090
1462964100636499968
1462964100602863617
1462964100472913921
1462964100368109568
1462964099722194947
1462964099109822472
1462964099105509380
1462964098908446720
1462964098652676100
1462964098526851078
1462964098212458499
1462964097213939727
1462964096278667266
1462964096056365056
1462964094365945856
1462964094303145985
1462964094252859394
1462964094093312004
1462964093913030658
1462964093674045440
1462964093627731968
1462964093309140993
1462964092382035968
1462964092264660993
1462964091409113094
1462964090263977986
1462964090138148867
1462964089001553924
1462964088817045515
1462964087479021570
1462964086937772032
1462964086421872642
1462964085600014341
1462964084341673994
1462964084068917249
1462964083637080068
1462964082450042882
1462964081946607620
1462964081435029515
1462964080440852483
1462964080017293315
1462964079405019136
1462964078679367685
1462964077999927300
1462964077609709572
1462964077471358980
1462964077433524226
1462964077064560643
1462964076984872962
1462964076191969281
1462964076095627267
1462964075705647108
1462964075298635777
1462964074006913024
1462964073566515208
1462964073386102784
1462964072916434947
1462964072429899782
1462964071578447873
1462964069825187849
1462964069791682574
1462964069762146306
1462964069623762949
1462964068768116741
1462964067958771719
1462964067203698688
1462964066972958723
1462964066503344128
1462964065970626565
1462964065521778696
1462964065278464001
1462964063399563265
1462964063227592705
1462964062925602819
1462964062468276227
1462964062317252614
1462964061188939786
1462964061163900928
1462964060857585669
1462964060836802566
1462964059913871365
1462964059683315712
1462964059540635650
1462964059351965696
1462964058710482944
1462964058706087937
1462964058387361798
1462964058122973185
1462964057623838720
1462964057288232964
1462964057229512705
1462964056286023683
1462964055782526980
1462964055438766082
1462964055363129345
1462964053962375172
1462964053685551117
1462964053370761216
1462964053278613512
1462964053005901829
1462964052833964045
1462964052766781441
1462964052703911937
1462964052456579076
1462964052246904832
1462964051567337477
1462964051152150532
1462964050405507074
1462964050049048578
1462964049809973261
1462964049671557127
1462964049608544259
1462964049310748677
1462964049260560389
1462964048547528706
1462964047641522177
1462964046966054915
1462964046836158467
1462964046441824256
1462964046328741888
1462964045921857540
1462964045858934791
1462964045632389123
1462964045481316357
1462964044134973440
1462964043887656963
1462964043258413061
1462964043224911874
1462964042767777792
1462964042453168131
1462964042235002882
1462964041844887557
1462964041798803463
1462964041740177411
1462964041412874241
1462964041387843584
1462964039328444417
1462964039190028291
1462964037755543554
1462964037218705409
1462964035788455937
1462964035754860548
1462964034970562564
1462964033720627207
1462964033615708165
1462964033376505865
1462964033271828487
1462964032940433420
1462964032629993474
1462964032592392194
1462964032214765568
1462964032051236872
1462964031921213440
1462964031124164610
1462964031069687815
1462964031011000327
1462964030818201604
1462964030793039883
1462964030767779840
1462964030751055879
1462964030046453765
1462964030017085442
1462964029639458829
1462964029413068805
1462964028674920459
1462964028527898626
1462964027936673793
1462964027915530241
1462964026955153409
1462964026326106115
1462964025969442818
1462964025470373888
1462964025294217221
1462964023582867458
1462964023255658497
1462964021712277508
1462979209022918656
1462979208779485184
1462979208276230146
1462979207294689282
1462979206086742018
1462979206015422464
1462979205830877186
1462979205654790146
1462979205650685956
1462979205549887497
1462979204803444739
1462979204006481922
1462979202823634945
1462979201619963904
1462979201397444610
1462979201296908294
1462979200663449610
1462979200638492674
1462979200487510019
1462979200336474113
1462979199770136583
1462979199296098311
1462979198998482944
1462979198771937280
1462979198407131140
1462979198058778629
1462979197748465674
1462979197278646272
1462979196657946624
1462979195143872512
1462979195101978627
1462979194187624449
1462979193663328260
1462979193050787840
1462979192203595781
1462979192149131268
1462979191591346177
1462979191452966914
1462979191243165699
1462979190353895424
1462979190282727431
1462979189821349890
1462979189699661831
1462979189670391814
1462979189448101889
1462979187287941122
1462979187027980293
1462979185798832133
1462979184867823620
1462979183756386304
1462979183701725189
1462979182451838977
1462979181990404102
1462979181973757954
1462979181697024002
1462979181067657218
1462979180950392838
1462979180694441987
1462979180673388545
1462979180308672514
1462979180308611078
1462979179406770183
1462979179285303299
1462979179130019840
1462979177993359363
1462979176743333888
1462979176512827402
1462979174948171776
1462979172570214402
1462979171546710019
1462979171290734592
1462979170590466051
1462979170456117248
1462979170133282820
1462979170128916484
1462979169973727233
1462979169873244161
1462979169055387648
1462979168744841220
1462979166790316033
1462979166421274624
1462979166337445897
1462979166299697154
1462979165368500226
1462979164471009283
1462979164252917764
1462979163577540608
1462979163371892736
1462979163078500354
1462979162407247873
1462979162264588291
1462979161836769283
1462979161287323650
1462979160616357888
1462979160423473155
1462979159739846656
1462979159660146692
1462979159462920199
1462979159181905927
1462979159055953923
1462979158032670722
1462979157021835268
1462979156619280384
1462979156598312963
1462979156552077317
1462979156455612424
1462979156438929412
1462979155339796480
1462979153741815808
1462979153699823616
1462979152575975427
1462979152017956872
1462979151925817346
1462979151833534468
1462979151615328261
1462979151158206470
1462979150743023617
1462979150386372626
1462979149543317507
1462979149350543361
1462979147807010819
1462979147186069508
1462979146951319560
1462979146783629312
1462979145965744130
1462979145848213509
1462979145324019718
1462979145000910850
1462979144543838210
1462979143390441472
1462979142861791238
1462979142715158535
1462979142375387137
1462979141800800258
1462979141704114177
1462979141339389954
1462979141331034113
1462979140110462981
1462979139934162944
1462979139821084674
1462979139703480321
1462979139502235650
1462979139397459979
1462979137929285633
1462979137736482818
1462979136314490881
1462979136239157256
1462979136239005697
1462979136230547461
1462979136138346500
1462979135710638082
1462979135203123216
1462979134770987011
1462979134372655104
1462979134360109057
1462979133110030343
1462979131721719809
1462979131143069699
1462979130857721859
1462979130656313345
1462979130178383873
1462979129821863937
1462979129276448777
1462979128852979713
1462979127707934723
1462979127489798153
1462979127464677377
1462979126625771527
1462979126185410568
1462979125954686984
1462979125853962241
1462979125824663557
1462979125027618819
1462979124587282436
1462979123463213057
1462979123249225736
1462979122876096512
1462979122863480832
1462979122733498375
1462979121915604995
1462979121613578244
1462979120720060421
1462979120523091970
1462979120304996356
1462979120296611844
1462979120179073028
1462979119973429259
1462979119428235264
1462979119247994880
1462979119109468160
1462979118899740677
1462979117993775106
1462979117733847040
1462979117004034049
1462979116613914626
1462979115967922178
1462979115959693314
1462979115930243072
1462979114768510988
1462979113682153479
1462994308760584192
1462994306927448069
1462994306604666883
1462994306311114759
1462994305954443273
1462994305912651776
1462994304402485248
1462994303504900101
1462994303047847940
1462994302993408009
1462994302611513346
1462994302406168578
1462994301105819652
1462994299675713544
1462994299423973377
1462994299046486018
1462994298597965827
1462994298337595399
1462994298064887812
1462994296945192966
1462994295489581059
1462994295414157325
1462994294344585225
1462994293329698821
1462994293191286785
1462994292507615232
1462994291979022338
1462994290716688387
1462994290527944710
1462994290083258370
1462994289768599560
1462994289668071426
1462994289563213824
1462994289340813312
1462994288753610754
1462994288481079303
1462994288179093505
1462994287633780736
1462994287562412033
1462994286832766983
1462994286039863302
1462994286006394887
1462994285989609475
1462994284286783492
1462994284194451462
1462994284064350208
1462994283695329281
1462994283192098817
1462994282705559558
1462994282697080835
1462994282407596032
1462994282093191168
1462994281971556357
1462994281640062977
1462994281191251971
1462994280625020937
1462994280067186689
1462994279656148994
1462994278691573765
1462994278553169924
1462994278377005056
1462994278368563202
1462994277827592198
1462994275981938688
1462994275377971208
1462994274941902849
1462994274791084032
1462994274727858176
1462994274673258498
1462994274644119559
1462994273758896128
1462994273293324291
1462994273213693955
1462994272840343553
1462994272517599235
1462994272416894979
1462994272341405699
1462994272022503424
1462994271833772038
1462994271154364425
1462994271020138498
1462994270932066305
1462994270734852098
1462994270630068224
1462994270604906498
1462994269795278848
1462994269623488512
1462994268897873925
1462994267220037638
1462994266918031362
1462994265676468226
1462994265039163394
1462994263415869441
1462994263071989762
1462994262073749506
1462994261658333190
1462994260668534789
1462994260173766657
1462994258663780352
1462994257627787266
1462994257623412739
1462994257212416000
1462994256797306882
1462994254985404418
1462994254884745221
1462994254255431684
1462994254133817353
1462994254100197379
1462994253852778505
1462994253773168640
1462994253219516420
1462994252527390720
1462994252393234435
1462994251369828353
1462994251315396612
1462994250149154818
1462994250048716800
1462994249398558723
1462994249268580354
1462994248551251971
1462994248362442752
1462994246764429317
1462994246454190080
1462994246001213440
1462994245325713413
1462994245250285577
1462994245107781633
1462994244893822981
1462994244701126656
1462994244214296578
1462994243946004481
1462994243819999244
1462994242385547265
1462994242360512515
1462994242331189248
1462994242150694912
1462994242033356801
1462994242008141828
1462994241995649029
1462994241710215168
1462994238795177988
1462994238463897604
1462994238006652932
1462994237692289025
1462994237604118528
1462994237545345024
1462994237407047682
1462994237285404680
1462994236710658050
1462994236220092416
1462994235314126850
1462994234626084871
1462994234198347776
1462994233246326788
1462994233099317248
1462994231941685253
1462994231811657733
1462994231342112769
1462994229303590914
1462994229089689608
1462994228930392070
1462994228145840131
1462994225872744450
1462994225843236864
1462994225566420995
1462994224698200074
1462994224656302086
1462994224052416517
1462994223960141825
1462994223469412354
1462994223087734785
1462994222156558337
1462994221141565442
1462994221019787267
1462994220776452104
1462994220768182277
1462994220600504327
1462994220344434689
1462994220290039808
1462994219421814787
1462994219090558984
1462994218989731841
1462994218130063364
1462994217538625536
1462994217387581442
1462994216368283648
1462994215533744134
1462994214611210240
1462994213914611715
1462994212862017539
1462994212417421319
1462994212299833346
1462994211159126023
1462994210857050115
1462994210043219977
1462994209976111104
1462994209808416769
1462994208935923714
1462994208675954693
1462994208655093763
1463009407399342080
1463009407348842497
1463009407130685447
1463009406979919876
1463009406522732547
1463009405977300996
1463009405281071104
1463009404953923585
1463009402563141635
1463009402110283777
1463009401464307716
1463009401397297156
1463009400071856130
1463009400025759745
1463009399941775361
1463009399581118464
1463009399576969221
1463009399497240577
1463009397890707460
1463009397366530053
1463009396661833740
1463009395709784068
1463009395533443072
1463009393822388224
1463009393608314880
1463009393214050309
1463009392949817344
1463009392798928899
1463009391007858688
1463009390114394121
1463009389699239938
1463009388873011200
1463009388185231360
1463009387815923713
1463009387564445699
1463009386905976835
1463009386637451268
1463009386167627782
1463009385806921729
1463009385127444482
1463009384452313090
1463009384108285954
1463009384078864388
1463009383974068231
1463009383865012227
1463009383663681542
1463009382724030465
1463009381398810624
1463009380727672835
1463009380341796868
1463009380249612290
1463009380018835456
1463009379880513536
1463009379477864451
1463009378286678016
1463009378156564486
1463009377707769859
1463009377217097729
1463009376705257474
1463009376260792325
1463009376109666305
1463009375451287556
1463009373412859905
1463009371944800257
1463009371906924551
1463009370736791556
1463009370090864643
1463009369122091015
1463009368727822339
1463009368480301056
1463009366962053121
1463009366940925952
1463009365552549892
1463009365011668993
1463009364889853952
1463009364663492612
1463009362717282308
1463009360850915331
1463009360225918981
1463009360183967746
1463009359882076162
1463009359642906625
1463009359559077889
1463009359194112003
1463009359055790085
1463009358795599874
1463009358627885061
1463009358011412482
1463009357889773578
1463009357751361538
1463009357449383937
1463009356950249478
1463009356941651972
1463009356694179845
1463009356538994690
1463009355419164672
1463009355410911233
1463009355352133632
1463009354903437312
1463009354144227329
1463009354135654404
1463009353934508032
1463009353603166210
1463009352227463172
1463009351124152322
1463009349744300032
1463009349547134978
1463009347802316804
1463009346179125252
1463009346133053441
1463009345696718864
1463009345055174659
1463009344774156296
1463009342878216196
1463009342353858561
1463009341024387072
1463009340932116482
1463009340374208518
1463009339845791744
1463009339795333121
1463009339787071489
1463009336301690885
1463009336175652866
1463009335945011202
1463009335206981633
1463009334812499976
1463009334246391809
1463009334074519552
1463009333944352768
1463009332971278336
1463009332891570182
1463009332866523136
1463009332719759363
1463009332337934343
1463009331608096771
1463009330433871872
1463009330295312384
1463009330165391360
1463009329733378049
1463009329326395400
1463009328957374467
1463009328017723392
1463009326352715779
1463009326013030401
1463009325560090627
1463009325413191684
1463009324607889410
1463009324385464324
1463009324381491203
1463009323949256704
1463009323295158277
1463009322649141252
1463009322527461378
1463009322451959809
1463009322116345860
1463009321445380100
1463009321210556419
1463009321113976833
1463009321097347076
1463009320648339456
1463009319784308747
1463009319276929030
1463009318521946120
1463009317703983108
1463009317477486597
1463009317339242500
1463009316298973185
1463009315413975043
1463009315313360896
1463009315061747712
1463009314181099520
1463009314126262278
1463009313421725698
1463009313329319941
1463009312914165768
1463009312758927360
1463009311211282435
1463009310590525441
1463009309965512704
1463009309210599424
1463009309189677056
1463009309080489990
1463009308904341507
1463009308896108552
1463009308447236096
1463009308136853507
1463009308036239360
1463009307696455685
1463009306442301445
1463009306308059138
1463009306010427393
1463009305385488384
1463009304974344194
1463009304840220673
1463009304550645769
1463009303888019459
1463009303728513026
1463009303275585538
1463009303149924356
1463009303019851777
1463024506512060418
1463024506470027268
1463024506306326528
1463024505878683654
1463024505715101700
1463024505178124291
1463024504146317312
1463024503764754436
1463024502644752384
1463024502544035841
1463024501881556995
1463024500337885188
1463024499641630727
1463024499293569026
1463024498626932737
1463024498483994624
1463024498358116358
1463024497846587392
1463024497846538240
1463024497632677891
1463024496911294471
1463024496537919488
1463024496466669569
1463024493857759240
1463024493761204224
1463024493677350914
1463024492670713859
1463024492611989504
1463024491294908419
1463024491047657472
1463024490686947329
1463024489474703362
1463024488044503045
1463024487780143112
1463024487633350660
1463024486647799809
1463024486219878406
1463024485087551492
1463024484982611968
1463024484814893056
1463024484584243204
1463024484269580290
1463024483770449921
1463024483472715782
1463024482747097089
1463024482575175683
1463024482029768711
1463024481316708355
1463024480780001280
1463024480435933188
1463024480398233605
1463024480171835399
1463024479202852869
1463024478091239433
1463024477869154313
1463024477797715971
1463024477630046208
1463024477323857924
1463024476245970951
1463024475843268611
1463024475532791809
1463024475159633922
1463024474660429824
1463024474165432322
1463024473850982401
1463024473251090434
1463024472898768896
1463024472810733570
1463024471896379392
1463024471284006919
1463024467932704780
1463024467916070914
1463024467542790146
1463024466959552522
1463024466842296323
1463024466766680064
1463024465890009091
1463024465390948356
1463024465005236225
1463024464967323650
1463024464858341379
1463024464774500359
1463024464694808580
1463024464686419970
1463024464308752388
1463024463981813764
1463024463335903236
1463024462606094337
1463024461725138946
1463024460525715463
1463024459309359115
1463024458998984705
1463024458495827968
1463024457941876736
1463024457233092610
1463024457094778882
1463024456587116545
1463024456536834053
1463024456511766529
1463024456016617476
1463024455496740864
1463024454427103239
1463024453659545602
1463024452762054671
1463024452682141700
1463024451977625600
1463024451486769159
1463024450245324800
1463024449498800130
1463024449410719748
1463024447825141760
1463024447695335425
1463024446466310145
1463024446369763328
1463024446357520389
1463024443945472009
1463024443081453573
1463024442959753217
1463024442917937155
1463024442343366662
1463024441798057984
1463024441475145729
1463024440506081281
1463024440221085701
1463024440132849668
1463024440086708225
1463024439986163718
1463024437968744453
1463024437373153282
1463024436412624897
1463024435506688002
1463024434877456384
1463024434474897420
1463024434118205443
1463024433258393602
1463024432448999425
1463024432369356800
1463024432146894854
1463024430465097729
1463024429924077569
1463024429529767941
1463024429064151042
1463024428934041601
1463024428531564544
1463024428267278336
1463024428015443970
1463024427818496002
1463024427755520003
1463024427063549954
1463024426878967809
1463024426518302723
1463024426274865159
1463024426228670465
1463024425981382661
1463024425159307267
1463024425050288131
1463024424668569602
1463024424299290629
1463024424282644482
1463024424215625731
1463024423766614017
1463024422353178625
1463024422223106051
1463024421493485568
1463024421275193344
1463024420264546307
1463024420100849666
1463024419895402500
1463024419610275843
1463024419304091648
1463024418020642818
1463024417781518341
1463024417676697601
1463024416724377600
1463024415797506048
1463024415071899651
1463024414921039877
1463024413994098692
1463024413826326533
1463024412844773376
1463024411292749831
1463024410571550723
1463024410504294405
1463024410101751814
1463024408755277827
1463024408679882753
1463024408478375941
1463024408176431104
1463024408084234241
1463024407924805633
1463024407681589249
1463024407161544704
1463024406339502085
1463024406289174528
1463024405932482565
1463024405718519821
1463024405605502982
1463024405382975491
1463024405219397633
1463024404649107458
1463039606857867264
1463039606304165888
1463039605704470530
1463039605402443777
1463039605394100225
1463039604580405249
1463039603695304705
1463039602885754880
1463039602625847297
1463039602436952065
1463039602382589954
1463039602374098952
1463039602181042183
1463039601581383687
1463039601065578497
1463039601006706689
1463039600339734532
1463039600335667201
1463039599983407109
1463039599937163269
1463039598658007046
1463039598343462917
1463039598129414146
1463039598062288900
1463039597693345796
1463039597366038529
1463039597307432963
1463039597135339520
1463039596929900544
1463039596761997313
1463039596456030209
1463039596451741698
1463039596065968130
1463039595742965762
1463039595294208005
1463039594488815621
1463039592399966208
1463039592358158340
1463039591632486400
1463039591527682057
1463039589807968258
1463039589640069125
1463039588524507138
1463039588402974723
1463039587912060928
1463039587874344961
1463039587844980736
1463039587228557314
1463039587144585216
1463039587027021826
1463039585966080006
1463039585898881024
1463039585454338053
1463039585060020226
1463039583982075907
1463039583935946752
1463039582899900421
1463039582878978050
1463039582765654019
1463039582388117506
1463039581864005638
1463039581843079168
1463039581834600449
1463039581331365888
1463039580605714432
1463039580567789568
1463039580165214216
1463039579204710407
1463039579120971776
1463039578831523841
1463039578688966661
1463039578034647044
1463039577938173953
1463039576885407748
1463039576637943810
1463039576235298816
1463039576109367297
1463039575266316294
1463039574838546439
1463039574318497793
1463039574121275392
1463039571839565826
1463039571613073408
1463039571583660035
1463039571004960768
1463039570820411399
1463039570694615044
1463039570535145472
1463039570296152066
1463039569142636547
1463039567787806723
1463039567208976392
1463039566928097282
1463039566877794306
1463039565640486912
1463039565019635716
1463039564042289156
1463039563685892098
1463039563568459790
1463039563513876488
1463039563308441600
1463039563274858496
1463039563170041861
1463039561718800384
1463039561039183878
1463039560749883392
1463039560405950467
1463039560112168961
1463039558963056642
1463039558715510784
1463039556840792069
1463039555922284553
1463039555406290945
1463039555083378693
1463039555041435651
1463039554915647490
1463039554433204224
1463039553422430208
1463039553317523459
1463039552965144576
1463039552612831233
1463039552252116993
1463039551937540096
1463039551736270856
1463039551358836737
1463039551149121536
1463039550800990211
1463039550142369794
1463039550050246663
1463039549714612227
1463039549077078017
1463039548787605507
1463039547953094662
1463039547827183618
1463039547235872768
1463039546950438915
1463039546174722051
1463039546107613188
1463039545985966084
1463039545813913603
1463039545755279361
1463039545755189249
1463039545671176192
1463039545621069824
1463039545071579138
1463039544379334659
1463039544303915011
1463039544270356480
1463039544161275909
1463039543808978944
1463039543721009155
1463039543293140992
1463039542521475076
1463039542403948553
1463039542223642625
1463039542202712067
1463039541946814465
1463039541279965188
1463039541191790594
1463039541015687172
1463039540998721537
1463039540457881605
1463039540445298688
1463039540290068481
1463039539774169099
1463039539379900416
1463039537861570565
1463039537421160448
1463039537207255043
1463039537081425924
1463039537014136834
1463039537001603072
1463039536796078080
1463039535869222913
1463039534824841217
1463039534577250309
1463039533981839366
1463039533210083331
1463039532476026881
1463039532463534082
1463039531993681921
1463039531096051714
1463039530936811522
1463039530571898888
1463039530571898884
1463039530269921280
1463039529099546627
1463039528818683905
1463039528764067840
1463039527560302592
1463039527526752259
1463039526503337987
1463039525341392900
1463039525291274243
1463039525060497409
1463039523147948037
1463039521533140994
1463039521084174339
1463039520517935106
1463039519305912324
1463054706473848832
1463054705295183873
1463054704959639562
1463054704620015619
1463054704288485377
1463054703550423043
1463054702791344141
1463054702057299973
1463054701885366273
1463054701331730432
1463054701293805568
1463054701268713472
1463054700883095552
1463054699834363905
1463054698924101638
1463054697745502210
1463054697099579393
1463054696759844864
1463054696541835270
1463054696332079106
1463054696084475906
1463054696009150465
1463054694549495811
1463054694327017472
1463054694306230275
1463054692867461124
1463054692712214531
1463054692506902528
1463054692376735748
1463054692125138948
1463054690606800898
1463054690296512512
1463054689461850118
1463054689419907072
1463054688975216640
1463054688857858056
1463054688149028872
1463054687326945283
1463054687008137216
1463054686362251267
1463054685602865158
1463054685540134914
1463054685334654978
1463054685334654976
1463054682180538373
1463054682125910018
1463054681807142912
1463054681794437122
1463054681421361155
1463054681366749184
1463054681077256195
1463054680276094978
1463054680225845256
1463054678724386821
1463054678674055170
1463054677847781386
1463054677646401544
1463054677558194180
1463054677164052481
1463054677025636359
1463054676606214144
1463054676132347904
1463054675616407554
1463054675306065926
1463054675264032769
1463054675121377283
1463054673586409473
1463054672390856705
1463054672256802818
1463054671464083461
1463054671442968576
1463054671287762945
1463054670981734406
1463054670738477058
1463054670394499073
1463054669949784075
1463054669580800003
1463054669459202048
1463054668712620037
1463054668297293824
1463054667232034820
1463054667227680768
1463054666925752321
1463054666502189057
1463054666426683392
1463054666275725312
1463054666179219458
1463054665965129730
1463054665570938884
1463054664954490880
1463054662630838273
1463054662555287555
1463054662295244800
1463054662043680774
1463054661586407425
1463054661020176388
1463054660231647235
1463054659938103300
1463054659786993670
1463054659355086851
1463054659149565956
1463054658901983238
1463054658642104322
1463054658000334848
1463054657434095617
1463054657429852169
1463054656859512836
1463054656712630272
1463054656075182085
1463054656033144833
1463054655907373059
1463054655517118470
1463054655353667586
1463054654980464641
1463054654049337344
1463054653860376576
1463054653457850368
1463054653147561985
1463054653092864002
1463054652958773249
1463054652673511425
1463054651599691779
1463054651356499971
1463054650962321408
1463054649288798214
1463054648466673668
1463054647921455109
1463054646348435458
1463054646059012097
1463054645719441410
1463054645266374658
1463054645178384387
1463054644897202177
1463054644226183168
1463054644175769602
1463054643978715138
1463054642900840449
1463054642795843585
1463054642640736256
1463054642313453570
1463054641952866310
1463054641319587845
1463054641160245253
1463054641151762432
1463054639914373127
1463054639625117698
1463054639620931586
1463054639423705089
1463054639415414784
1463054639193075717
1463054638014517248
1463054637305634818
1463054637288755204
1463054636601028612
1463054635736915971
1463054635707600896
1463054635455991808
1463054635447435266
1463054635325923331
1463054634759688193
1463054634017304580
1463054633803259906
1463054633618706440
1463054633513984004
1463054633342017543
1463054632113033219
1463054631823626240
1463054631748378627
1463054631446061059
1463054630783373313
1463054630548480000
1463054630477312000
1463054630250848259
1463054630024212481
1463054629541875712
1463054629344735233
1463054629139324930
1463054629076455429
1463054628988207107
1463054628619173889
1463054628321382405
1463054628300406784
1463054627696308226
1463054626903625729
1463054626765344774
1463054626396282884
1463054626266222597
1463054625045508101
1463054624022306816
1463054622377922565
1463054622214475782
1463054622159953920
1463054621597999105
1463054620356276226
1463054620209647618
1463054619848884227
1463054619790258179
1463054619786022914
1463054619265970176
1463054618288705538
1463069806245163011
1463069806228291589
1463069806115000325
1463069805955661825
1463069805905432578
1463069805615927299
1463069805544677377
1463069805003501573
1463069804974247937
1463069804030484480
1463069803799846912
1463069803074236416
1463069802872938499
1463069802591834117
1463069801740476418
1463069801513828360
1463069801413283840
1463069801140604928
1463069799995658244
1463069799186010115
1463069799181914114
1463069798955372552
1463069798246629380
1463069798036910080
1463069797864800256
1463069797344763904
1463069797080567808
1463069796388507650
1463069795792814088
1463069795759308805
1463069794673082369
1463069793569939459
1463069792961810436
1463069792856907776
1463069792613670914
1463069790759653378
1463069789887377414
1463069789790760965
1463069789526634502
1463069789480435712
1463069789312753665
1463069789182701573
1463069789010776070
1463069789006573569
1463069788830412801
1463069788498968580
1463069787601395714
1463069787446255621
1463069787374952449
1463069787182010377
1463069786586460166
1463069786007605248
1463069785374089216
1463069784535441410
1463069784099196929
1463069783994241026
1463069783641899017
1463069783377821696
1463069783281352707
1463069783151292419
1463069782975074314
1463069782928867329
1463069782824136707
1463069782144696320
1463069781964181505
1463069781721071618
1463069781653872641
1463069781087727617
1463069780764766212
1463069780731219973
1463069780261453828
1463069779325898752
1463069778747265026
1463069778197811200
1463069778017411078
1463069777803497473
1463069777736265729
1463069777581142021
1463069777241382912
1463069776897581057
1463069776545476610
1463069776293638144
1463069776096419845
1463069775660212225
1463069775081336832
1463069775073091586
1463069774234230784
1463069773860904969
1463069772871094276
1463069772363538432
1463069772191522816
1463069771281440775
1463069771268775940
1463069769293340678
1463069769054265352
1463069768974434305
1463069768429228035
1463069767141634049
1463069766835482624
1463069766478819328
1463069766323744770
1463069763496816642
1463069763429670912
1463069763421323268
1463069762796371970
1463069762708283395
1463069762666196994
1463069762301444103
1463069762292895746
1463069761970053122
1463069761844219904
1463069761059840008
1463069761026285573
1463069760434941960
1463069760095244295
1463069760065875970
1463069759642079235
1463069759516430337
1463069759218630656
1463069758379679745
1463069758337826816
1463069757830217729
1463069756987215873
1463069756890750976
1463069756035063814
1463069756001554436
1463069755821072388
1463069755573735427
1463069755397476361
1463069754151817220
1463069753778524161
1463069753715609605
1463069753233350659
1463069752751005696
1463069752595603456
1463069752591413248
1463069752306241537
1463069751123619843
1463069749953404936
1463069749517160448
1463069749177368576
1463069748833439745
1463069748602851340
1463069748476923906
1463069748355338240
1463069748321828870
1463069748040806400
1463069747268960256
1463069746472144901
1463069746396471300
1463069746178543624
1463069746170114048
1463069746086227968
1463069745889038340
1463069745666744322
1463069745574469638
1463069745566019588
1463069745436057600
1463069745335312384
1463069745150836737
1463069745096364042
1463069744018427905
1463069743774978050
1463069743297007618
1463069743057883140
1463069743049363458
1463069741854121986
1463069741334122498
1463069741287936006
1463069741065535496
1463069740625272832
1463069740621086724
1463069740604493826
1463069740256092169
1463069740029685764
1463069739769606154
1463069739735871496
1463069739379576835
1463069738553294849
1463069738544816130
1463069737966055428
1463069737852755972
1463069737672454147
1463069737584402433
1463069737269678080
1463069736661512193
1463069735889870850
1463069735722049536
1463069734937628672
1463069734904078338
1463069734715412481
1463069734241452034
1463069734115717121
1463069733050368001
1463069732857286658
1463069732819517440
1463069731951415299
1463069731389423617
1463069731192066050
1463069730185658372
1463084905424822278
1463084905135370242
1463084904972005378
1463084904321896451
1463084903923392512
1463084903105445890
1463084903071817731
1463084903021649922
1463084902455332864
1463084901226401793
1463084900823625733
1463084898957340672
1463084898458214402
1463084898089152513
1463084898013614086
1463084897732542464
1463084897120235524
1463084897107685379
1463084896503713792
1463084895920603136
1463084895211712521
1463084895153139712
1463084895039860738
1463084894666604550
1463084893903237121
1463084893760626690
1463084892359589889
1463084892326141964
1463084892313600001
1463084892275757059
1463084892082753539
1463084891860516864
1463084891382423560
1463084890514202625
1463084890438705153
1463084890375790599
1463084889817980933
1463084889419522048
1463084889167835148
1463084889125703680
1463084888970743810
1463084888962306048
1463084888660357120
1463084888022732809
1463084887855009796
1463084887775322117
1463084887653691398
1463084887318188033
1463084886013595648
1463084885351051264
1463084885174890502
1463084885145358340
1463084884549844997
1463084884038012930
1463084883690016769
1463084883216150539
1463084882993758214
1463084882826080264
1463084882825867268
1463084882628861962
1463084882133929984
1463084881580371970
1463084881404211206
1463084880976306181
1463084880934363136
1463084880754003968
1463084879680360456
1463084879256686595
1463084878887591938
1463084878812127236
1463084878594031617
1463084878170312706
1463084877490925574
1463084876706496515
1463084876522045451
1463084875934752769
1463084875909640198
1463084875330859011
1463084875242737665
1463084875150508032
1463084874684841984
1463084874680647681
1463084874504413187
1463084874345107456
1463084874319998980
1463084874240307209
1463084874219372546
1463084874148065284
1463084874118713346
1463084874080866310
1463084873254674434
1463084871996346371
1463084871195054081
1463084870272491522
1463084870092177417
1463084869542715396
1463084869500776449
1463084869458694148
1463084868187865089
1463084868183674883
1463084867902590993
1463084867873382400
1463084867764248585
1463084867315503105
1463084867189493763
1463084867126632448
1463084866849972225
1463084866745085954
1463084866048770050
1463084866044526594
1463084865973329920
1463084865700704258
1463084865558093831
1463084865230807042
1463084865184624647
1463084865063043075
1463084864933146631
1463084864907919374
1463084864836620292
1463084864341741572
1463084863351840779
1463084862751920128
1463084862399819777
1463084862047457285
1463084861829353472
1463084861393154055
1463084860680118279
1463084860633985029
1463084860604563456
1463084860352999426
1463084859899924486
1463084859648356365
1463084859392417792
1463084859249856514
1463084859241340930
1463084858767462404
1463084858679468036
1463084858209619973
1463084858079543297
1463084857525997568
1463084857504923658
1463084856716443649
1463084856318046211
1463084856154415111
1463084856120852482
1463084855990829059
1463084855802007552
1463084855743463429
1463084855491629057
1463084855261028352
1463084854594215939
1463084854434795525
1463084854271225867
1463084853918932992
1463084853788921862
1463084853285597196
1463084853126180864
1463084852165726211
1463084851951812611
1463084851880415233
1463084851335241729
1463084851322662912
1463084851226107908
1463084851125436417
1463084850555019267
1463084850156654594
1463084849733017600
1463084849015762949
1463084848713814024
1463084847916896256
1463084847581343745
1463084846738075658
1463084846725664775
1463084846591483905
1463084846142664706
1463084846079791108
1463084845647765508
1463084845584863235
1463084845278580737
1463084845182164996
1463084844527853570
1463084844473368576
1463084844192305160
1463084844091592706
1463084844024582149
1463084844024487940
1463084843886075906
1463084842619342853
1463084842430734339
1463084842321694723
1463084842166505475
1463084841336020992
1463084840664842250
1463084840157421568
1463084839972880384
1463084839653949442
1463084838999629831
1463084838425178121
1463084838081155084
1463084836801990656
1463100004848087044
1463100004470505475
1463100004357263364
1463100004004941826
1463100003371524097
1463100002679484418
1463100002629304325
1463100001068933124
1463100000896962568
1463100000775417858
1463100000557166592
1463100000523763713
1463099999575855106
1463099999286218755
1463099999269670912
1463099999122862082
1463099998896373763
1463099998762156037
1463099998611120131
1463099998330134528
1463099997856022536
1463099997822631936
1463099997537382400
1463099997516447747
1463099996815958017
1463099996803321856
1463099996685881347
1463099996484550659
1463099996325171205
1463099995943542785
1463099995805077504
1463099995616329731
1463099995385745412
1463099994433634305
1463099993838006273
1463099993150140428
1463099993049473027
1463099992940421120
1463099992860680209
1463099992474894341
1463099992055459846
1463099991396921348
1463099991317229574
1463099991170461698
1463099991132676096
1463099990813945856
1463099990604083204
1463099990230896646
1463099989626867714
1463099988427239436
1463099987911450632
1463099987835768833
1463099987395448832
1463099986858557445
1463099986690949120
1463099986669801477
1463099986644807682
1463099986560925701
1463099986057433093
1463099985826918410
1463099985038393345
1463099984740601863
1463099984694423554
1463099984362950661
1463099983759036418
1463099983654277124
1463099983427690501
1463099982983012357
1463099982949531655
1463099982290907139
1463099981682941955
1463099981624139777
1463099981502558208
1463099980873355265
1463099980311322624
1463099980269469697
1463099980130959362
1463099979858432005
1463099979665489923
1463099979078291457
1463099979069894657
1463099978931441665
1463099978843406342
1463099978570551296
1463099978293788674
1463099978130280448
1463099978071654407
1463099977547370500
1463099977517912072
1463099977459191808
1463099977123696647
1463099976863649792
1463099976033075204
1463099975773130753
1463099975630393347
1463099975546593285
1463099975366234112
1463099975269818368
1463099975219306500
1463099974795857927
1463099974783311877
1463099974087065603
1463099973990379528
1463099973512450048
1463099973508157443
1463099971524251650
1463099970102378501
1463099970031169536
1463099969775312905
1463099968898703364
1463099968437243909
1463099967808102403
1463099967455866880
1463099966486978561
1463099965652221954
1463099964805025796
1463099964742119430
1463099964553412614
1463099964381347845
1463099964263845891
1463099963810930690
1463099963617988614
1463099963420913664
1463099963206881281
1463099963169296388
1463099962976317444
1463099962963546115
1463099962913402887
1463099962879795202
1463099962447708166
1463099961873244166
1463099961629986819
1463099961348919301
1463099960572928001
1463099960006778883
1463099959956361219
1463099959411159040
1463099959113396228
1463099958790344711
1463099958479888386
1463099958404472835
1463099957741645833
1463099956852674565
1463099956559060992
1463099956554698759
1463099956152184836
1463099955950891011
1463099955858575366
1463099955657068546
1463099954613071875
1463099954516439046
1463099954310832134
1463099953983590401
1463099953106935809
1463099953031565314
1463099952914071553
1463099952884764675
1463099952830337028
1463099952737968135
1463099952679120900
1463099952406487044
1463099952339603459
1463099952125681667
1463099951840477185
1463099951265812484
1463099950896664579
1463099950716362754
1463099950481526789
1463099950472970245
1463099948707287043
1463099948237570056
1463099948178624514
1463099947453075456
1463099947230838787
1463099947126075399
1463099946844889090
1463099946501038085
1463099946324750337
1463099946245185542
1463099945108578308
1463099944970108928
1463099944282296321
1463099942734643201
1463099942067712001
1463099942008930304
1463099941765668864
1463099941694410756
1463099940138278915
1463099939618131970
1463099939010056194
1463099938989088779
1463099938691334148
1463099937311367170
1463099937286201344
1463099936925523972
1463099936472506377
1463099936371843073
1463099936065605634
1463099935692308481
1463099935285395457
1463115104443150339
1463115104422084617
1463115103780458503
1463115103562305537
1463115103402971144
1463115103310598150
1463115103021289473
1463115102727458824
1463115102505226243
1463115102459240448
1463115102056423425
1463115100462661637
1463115099699400705
1463115099300929543
1463115098717929474
1463115098596253699
1463115098294132738
1463115097480601609
1463115097413324805
1463115097241538564
1463115097048502278
1463115096864047104
1463115096599711745
1463115096390266881
1463115095786070019
1463115095735775232
1463115095614140418
1463115095324647436
1463115094884110336
1463115093785423874
1463115093315575812
1463115093160476674
1463115093068042247
1463115093013581833
1463115092904525827
1463115092749434880
1463115091973488645
1463115091197497347
1463115091180724227
1463115090908045316
1463115090375462912
1463115089372803074
1463115089243000834
1463115089070936065
1463115089028993028
1463115088991330309
1463115088576061445
1463115088404094976
1463115087640600576
1463115086835646466
1463115086428520450
1463115086281781251
1463115085908480006
1463115085363113988
1463115085153505284
1463115085094658054
1463115084767584258
1463115084746694667
1463115084650233862
1463115084507529220
1463115084507529216
1463115084486610946
1463115084406919173
1463115083664474114
1463115083144441861
1463115082985000974
1463115082863366147
1463115082615992320
1463115081001095172
1463115080694829058
1463115080363655172
1463115080330055682
1463115080200077318
1463115079889604613
1463115079818223623
1463115079138914311
1463115079117942792
1463115078811754497
1463115078782308352
1463115078698512388
1463115078341996548
1463115078203543555
1463115077461098506
1463115077444272134
1463115077280796673
1463115076894957569
1463115076764946434
1463115076488110081
1463115076186087439
1463115076173447175
1463115075913408518
1463115075275960326
1463115075217154053
1463115075158528005
1463115075024089094
1463115074982273024
1463115074839658499
1463115072860008450
1463115072801329161
1463115072692236292
1463115072637702145
1463115072297971714
1463115072092397568
1463115070972563467
1463115070766915585
1463115069970161664
1463115068573462530
1463115068154036228
1463115067948519428
1463115067453546498
1463115067327758339
1463115067055087619
1463115066556006402
1463115066014777347
1463115065842884611
1463115065750691843
1463115065406758920
1463115064995549185
1463115064676950023
1463115064446177287
1463115063649349636
1463115063041171474
1463115062751768579
1463115062608941056
1463115061623410688
1463115061526999045
1463115061308895234
1463115061229150208
1463115061220679680
1463115060977545217
1463115060293816324
1463115059647991819
1463115059622727685
1463115059484409862
1463115059073368064
1463115058993631232
1463115058960080906
1463115058553233409
1463115058188324867
1463115057764573188
1463115057747922947
1463115057001381888
1463115056841998342
1463115056573562884
1463115056544030720
1463115056187592705
1463115055520796680
1463115054824497161
1463115054564491273
1463115054216323082
1463115054153449475
1463115054010839040
1463115052685443075
1463115051859156993
1463115051523584004
1463115051502608385
1463115050487586817
1463115050403733508
1463115049590005760
1463115048801480709
1463115048679784450
1463115048306364421
1463115048281260041
1463115047815819268
1463115047622828041
1463115047522156547
1463115047429820418
1463115047245422600
1463115046658068482
1463115046326833153
1463115046268162051
1463115045777428482
1463115045626388481
1463115045022449668
1463115044992991237
1463115044938465280
1463115044695257093
1463115044254887936
1463115044221296644
1463115044003135492
1463115043818676233
1463115043747282946
1463115043655069699
1463115043541766150
1463115042971287552
1463115042572980237
1463115042405167108
1463115042262593536
1463115042006523906
1463115041515917313
1463115040081518592
1463115040001822721
1463115039347466241
1463115039196409860
1463115039133548548
1463115039112638466
1463115038907064320
1463115038059896832
1463115037980176386
1463115037837447169
1463130204210184195
1463130204201799692
1463130203710963712
1463130203627134982
1463130203488665603
1463130202909954052
1463130202842845187
1463130200598794240
1463130199613009928
1463130199231537153
1463130199156011013
1463130199118254085
1463130198564605952
1463130198342307842
1463130197511835649
1463130196740128776
1463130196509351944
1463130196492668928
1463130196073226245
1463130195750227976
1463130195641225220
1463130195284545536
1463130195259441152
1463130194622009357
1463130193506275331
1463130193325920269
1463130193061728273
1463130192789094402
1463130192260616198
1463130192206077961
1463130192164139011
1463130191962726405
1463130191476183044
1463130191052558336
1463130190603825157
1463130190532558854
1463130190293475340
1463130190268313601
1463130190033399814
1463130189869850626
1463130189362348037
1463130189341339649
1463130189035196421
1463130188808601604
1463130188783534087
1463130188284416009
1463130188166930446
1463130187747450883
1463130187386732546
1463130187114110982
1463130186812039169
1463130186682093577
1463130186631856131
1463130186279313412
1463130186204033029
1463130185931403267
1463130185730080769
1463130185713307651
1463130185604161545
1463130185541332995
1463130185532801026
1463130185486815232
1463130185440632832
1463130184102694915
1463130183796416519
1463130183502815238
1463130183477641216
1463130182798221323
1463130182794027013
1463130182173134849
1463130182122885124
1463130182089416707
1463130181749534727
1463130181720317957
1463130181586104328
1463130181313433602
1463130181187641347
1463130181103718402
1463130181032460292
1463130180248088581
1463130180210376705
1463130179426041863
1463130179212124160
1463130179191066631
1463130179086295048
1463130178901610507
1463130178297769995
1463130178285146115
1463130178033524742
1463130177974812679
1463130176837984257
1463130176607465475
1463130176523493377
1463130176460632078
1463130176385171456
1463130175403659269
1463130175370055684
1463130175198175234
1463130174329925632
1463130174288015367
1463130174216720384
1463130174208327700
1463130173897850882
1463130173876936712
1463130173843324942
1463130173835026438
1463130173566590984
1463130173193302029
1463130173092425729
1463130172987686921
1463130172547342344
1463130172400574464
1463130171935019015
1463130170542411779
1463130170093719555
1463130168503902223
1463130168311046151
1463130168151711748
1463130168059482119
1463130167631613966
1463130167187054592
1463130166662778884
1463130166566301710
1463130166188822537
1463130166184615947
1463130165756809227
1463130165526020100
1463130165505110028
1463130165458911234
1463130165366738949
1463130165236670468
1463130165173706758
1463130164947263489
1463130164062302213
1463130164020146178
1463130163726753795
1463130163613519873
1463130163517001730
1463130162988568577
1463130162153799682
1463130162048995330
1463130161700868099
1463130160513888257
1463130160228614144
1463130160106983425
1463130160081903617
1463130159960240128
1463130159821824003
1463130159817576450
1463130159599562763
1463130159494664199
1463130159356289032
1463130159138197511
1463130159045767170
1463130158454476803
1463130158307676163
1463130157850451974
1463130157556944901
1463130157389074446
1463130157322059786
1463130157150097410
1463130156936007684
1463130156655067139
1463130155572817926
1463130155434532874
1463130155182874631
1463130155031875589
1463130154683748353
1463130153979027469
1463130152653795329
1463130152418877452
1463130152385269762
1463130152238346248
1463130152079081476
1463130151672233984
1463130151420514315
1463130151361949696
1463130151051411457
1463130150929895429
1463130150774652929
1463130150581805065
1463130150254657536
1463130149843570693
1463130149759635456
1463130149625417735
1463130149553983490
1463130149436768266
1463130149277376523
1463130147989516288
1463130147280850944
1463130146970345483
1463130146962038785
1463130146542608384
1463130146056151040
1463130145930326024
1463130145695404037
1463130145418588163
1463130145271828488
1463130145120792577
1463130145091244035
1463145303427764225
1463145303117385730
1463145302496477192
1463145302316261389
1463145302223900676
1463145302056185857
1463145302009987072
1463145301741555722
1463145301703897095
1463145301519253506
1463145301452197899
1463145301309640704
1463145300995026956
1463145300995026953
1463145300705660932
1463145300609187843
1463145299417911296
1463145299216674821
1463145299023589377
1463145298734112770
1463145298457468928
1463145298285379593
1463145297887080472
1463145297824071682
1463145297601781760
1463145297455063048
1463145297035599877
1463145296528134152
1463145296448294915
1463145295823446017
1463145295814926341
1463145295714439171
1463145295064272904
1463145295001182212
1463145294984622084
1463145294808322051
1463145294653100034
1463145294309302276
1463145294158131204
1463145293868720132
1463145293818572820
1463145293084516354
1463145292954574863
1463145292442832910
1463145292182827009
1463145291775889410
1463145290911862787
1463145290559545350
1463145290517549059
1463145290249252870
1463145290001620999
1463145289657683976
1463145289187934212
1463145289120890889
1463145289087258625
1463145288839880706
1463145288504274951
1463145288382754823
1463145288336658436
1463145288319840260
1463145288005214212
1463145287497789442
1463145287149621253
1463145286830854146
1463145286604398600
1463145286168154122
1463145285920698381
1463145285794869249
1463145285488623622
1463145285127974915
1463145284532412425
1463145284293349377
1463145284268085255
1463145284188483585
1463145284171714563
1463145284050038787
1463145283974569992
1463145283928395776
1463145283823583249
1463145283555106820
1463145283467022336
1463145283307589636
1463145282699358211
1463145282590461959
1463145282431070209
1463145282258882560
1463145281801838599
1463145281197903878
1463145280694591490
1463145280644259849
1463145280073781258
1463145279985790980
1463145279847284746
1463145279843094534
1463145279780265992
1463145279595728902
1463145279553687552
1463145279524421633
1463145278261784580
1463145278198980613
1463145278022856708
1463145277997686793
1463145277746040840
1463145277293015040
1463145277213356032
1463145276835831816
1463145276802224134
1463145275686637568
1463145275023835143
1463145274981994508
1463145274948435978
1463145274562564101
1463145274487025670
1463145274134732807
1463145274084372487
1463145273962774531
1463145273954385922
1463145273874595848
1463145273539059718
1463145272972877832
1463145272553345032
1463145272092106760
1463145271995645962
1463145271551041543
1463145271467069446
1463145271395864580
1463145271295193098
1463145270695321609
1463145269403340805
1463145269235752962
1463145268753408000
1463145268635791360
1463145268614819842
1463145268585639937
1463145268568891402
1463145268560412673
1463145268472393735
1463145268271005697
1463145268241522693
1463145267750916097
1463145267637719040
1463145267620896771
1463145267570507778
1463145267495116809
1463145267323097089
1463145267201458176
1463145267163717638
1463145267021197318
1463145266748571648
1463145266639478791
1463145266572365831
1463145266312265728
1463145266110992384
1463145265980862464
1463145265767100425
1463145265318223874
1463145265263628288
1463145264529739778
1463145264357728259
1463145263745359877
1463145263669862402
1463145263594450952
1463145263070167048
1463145262969499654
1463145262902296581
1463145262499737609
1463145262461947911
1463145262419906565
1463145262394720260
1463145261337923584
1463145261258129410
1463145260440293386
1463145260427759621
1463145260423520260
1463145260280811524
1463145260243111939
1463145260041879562
1463145259966345229
1463145259945402374
1463145259668426755
1463145259416891395
1463145258989109256
1463145258838114313
1463145258838110214
1463145258422870025
1463145258410151947
1463145257965699073
1463145257944723458
1463145257722388488
1463145257617567749
1463145257395179521
1463145257189711878
1463145257046999048
1463145256623296521
1463145256472301573
1463145256283742215
1463145255759405058
1463145255524610054
1463145255138701324
1463145254899617806
1463160403228299267
1463160402838265874
1463160402074865680
1463160401873575952
1463160401810673668
1463160401705766924
1463160401634512906
1463160401579982860
1463160400866852875
1463160400468402196
1463160400338472973
1463160400300630026
1463160399981862917
1463160399516291086
1463160398643965960
1463160398379630603
1463160398358749184
1463160398207762442
1463160397800906755
1463160397578575883
1463160397318561795
1463160397058486275
1463160396735524870
1463160396303503362
1463160396186103815
1463160396077019148
1463160395678502912
1463160395213021208
1463160394860609537
1463160394776784904
1463160394739077137
1463160394273415175
1463160394239942660
1463160394185416716
1463160393887629331
1463160393245900801
1463160392914505732
1463160392667041804
1463160392541212681
1463160392386068502
1463160392113344528
1463160391698161684
1463160391530385416
1463160391312318478
1463160391261896715
1463160391199039489
1463160391089987610
1463160390968385549
1463160390054031371
1463160389789696002
1463160389680738305
1463160389198352393
1463160389101891593
1463160388896309249
1463160388711858182
1463160388661436417
1463160388510527506
1463160388489519105
1463160388145537031
1463160387717713951
1463160387466149904
1463160387248050180
1463160386698498067
1463160386623000596
1463160386371436546
1463160386086215689
1463160386069352453
1463160385171767309
1463160385012441088
1463160384895004677
1463160384722976779
1463160384089698312
1463160384022528005
1463160383645143052
1463160383053742082
1463160382491701252
1463160382168748032
1463160381954830347
1463160381908598794
1463160381900312582
1463160381208207376
1463160379564044297
1463160379463417869
1463160379228536850
1463160379228528653
1463160379081728022
1463160378595196943
1463160378267951106
1463160378263851012
1463160378150600720
1463160377911529486
1463160377642991627
1463160377215176709
1463160377001320448
1463160376921661447
1463160376489611267
1463160376363786262
1463160376284094464
1463160376124653570
1463160375562674186
1463160375365578770
1463160374589546496
1463160373679464454
1463160373293555728
1463160372735655951
1463160372588912641
1463160372555358212
1463160372509261831
1463160372484055053
1463160372433727493
1463160372089790472
1463160371854942221
1463160371766771717
1463160371498430479
1463160370202296337
1463160369778765832
1463160369409581058
1463160369321590814
1463160369271222279
1463160368960835598
1463160368419819532
1463160368373641216
1463160368310755343
1463160368155484170
1463160366855241740
1463160366758871059
1463160366398115848
1463160366339436551
1463160365949280261
1463160365773209618
1463160365710250008
1463160365517361168
1463160365416689674
1463160365114609670
1463160365089538056
1463160364485513222
1463160364292624390
1463160364217028611
1463160364204503042
1463160363973816330
1463160363923525650
1463160363873144833
1463160363663474694
1463160363516637195
1463160362078019587
1463160361914449923
1463160361658589206
1463160361029357591
1463160360672837652
1463160360626753547
1463160360152838157
1463160359406260224
1463160358785454092
1463160358479269895
1463160358475083776
1463160358064037898
1463160357946642450
1463160357510434835
1463160357384605725
1463160357187428357
1463160356747067407
1463160356746977293
1463160356507901952
1463160356482826240
1463160356004577298
1463160355794862093
1463160355434160145
1463160355186745365
1463160354809303040
1463160354079399947
1463160353974538246
1463160353806864415
1463160352674361357
1463160352116559872
1463160352053600260
1463160351973908483
1463160351864893442
1463160351848026127
1463160351843827719
1463160351286038549
1463160350812090383
1463160350237470742
1463160349557940236
1463160349423722512
1463160349134401559
1463160348937236492
1463160348819828751
1463160348811399183
1463160348803010561
1463160348647866371
1463160348522000396
1463160348303888387
1463160347695669249
1463160347578277912
1463160347511214106
1463160346961719310
1463160346626166786
1463160346601009162
1463160346521264130
1463160346311639046
1463175501376368649
1463175501061791760
1463175500969488389
1463175500659146764
1463175499853750282
1463175499484643340
1463175499430178823
1463175499027472393
1463175498876526609
1463175498373156865
1463175498188476416
1463175498058584074
1463175497345429504
1463175497182023684
1463175497106477068
1463175497106472966
1463175496762540033
1463175496712310800
1463175496481579015
1463175496338968593
1463175496028536844
1463175495604969495
1463175495495860233
1463175494803857415
1463175494782828547
1463175494535454732
1463175494434701321
1463175493990109189
1463175492949975048
1463175492803125256
1463175492786343950
1463175492438315015
1463175492387942405
1463175491821707273
1463175491578433536
1463175491486195713
1463175491402321935
1463175491322527758
1463175491091939335
1463175490777325573
1463175490462703627
1463175490194321419
1463175490135601168
1463175490055905281
1463175489984634901
1463175489451958273
1463175489170911238
1463175489166655498
1463175489061801997
1463175488491466757
1463175486788575242
1463175486406811654
1463175486260097039
1463175486247424010
1463175485769322503
1463175485643534352
1463175485425344512
1463175485224009732
1463175483940642817
1463175483340767238
1463175482543857673
1463175482313224207
1463175482166460430
1463175481184989188
1463175481176510466
1463175481151430676
1463175480887193601
1463175480727777296
1463175480555757573
1463175480316682242
1463175479930855436
1463175479888916489
1463175479846969353
1463175479129739268
1463175478974586889
1463175478219612174
1463175477670129668
1463175477502300163
1463175476810235925
1463175476709670932
1463175476453773328
1463175476432850954
1463175475686219786
1463175475631726594
1463175475036049415
1463175474813800449
1463175474549514255
1463175474272776200
1463175474260193285
1463175473555517456
1463175473014263808
1463175472548917252
1463175472410419202
1463175472381112344
1463175472368525314
1463175472263667734
1463175471898808329
1463175471760293904
1463175471311503377
1463175471034740737
1463175470720114696
1463175470606954500
1463175469810032656
1463175469776482311
1463175469755420690
1463175469726060559
1463175469700890632
1463175469675814919
1463175469227036693
1463175468878909457
1463175468866326534
1463175468492931074
1463175468476248079
1463175468216209409
1463175467670908936
1463175466827886600
1463175466735570953
1463175466504933376
1463175466366521352
1463175466232291346
1463175466211282957
1463175466047741966
1463175465779306508
1463175465045213205
1463175464697176070
1463175464521027595
1463175464340574220
1463175463719907331
1463175463443042316
1463175463224979462
1463175462667104256
1463175462327402505
1463175462310588431
1463175462285459462
1463175462096678921
1463175462004432912
1463175461702361104
1463175461257814023
1463175461173932035
1463175460951629825
1463175459898679296
1463175459827556364
1463175459768782863
1463175459689148436
1463175459525611525
1463175459424899091
1463175459336863754
1463175459072528395
1463175458514690061
1463175458313359368
1463175457986261011
1463175457344569358
1463175456652414976
1463175456434397185
1463175455947829254
1463175455528439814
1463175455264190469
1463175454060429316
1463175453779374092
1463175453670264848
1463175453628379146
1463175453615828992
1463175453338914826
1463175453087313937
1463175453074722824
1463175452705628163
1463175452214894595
1463175452005126147
1463175451648667664
1463175451313061905
1463175451011133443
1463175450767863820
1463175450361053184
1463175450138746890
1463175449845116948
1463175449354379274
1463175449211768852
1463175448855293965
1463175448540680218
1463175448289062913
1463175447798325261
1463175447055900676
1463175446867099658
1463175446737170432
1463175446619725825
1463175446544138242
1463175446376427542
1463175446321897472
1463175445889826817
1463175445847978005
1463175445629878284
1463175445613101069
1463175445432651794
1463175445281714197
1463175445042679808
1463175444337987585
1463175443524300804
1463175443088093188
1463175443058671622
1463175442874175489
1463190601864675333
1463190601499828225
1463190601436962820
1463190601185247233
1463190600367280133
1463190599792693254
1463190599515967492
1463190599025184771
1463190598207238149
1463190598089912322
1463190597552979973
1463190597095899139
1463190596957392903
1463190596693405696
1463190596512727044
1463190596089106434
1463190595120234498
1463190594294063105
1463190594075992074
1463190594021310465
1463190593975291906
1463190593908191250
1463190593006444545
1463190592914178050
1463190592410865666
1463190592372965384
1463190592268259334
1463190592108699649
1463190591718658052
1463190591697682436
1463190591672623106
1463190591542636549
1463190591529967617
1463190591454556162
1463190591349608450
1463190590821175305
1463190590619799559
1463190590481436674
1463190590364004353
1463190589936177153
1463190589797806088
1463190589013430281
1463190588988211200
1463190588971495428
1463190588400955395
1463190588233240580
1463190588145217541
1463190587868213251
1463190587864137735
1463190587520155651
1463190587411214338
1463190586555514884
1463190586509438982
1463190586400333834
1463190585779576832
1463190585628667915
1463190585557278722
1463190585511079943
1463190585305702401
1463190585272066058
1463190585129406464
1463190584684859407
1463190584391188480
1463190584206761992
1463190583980269574
1463190583569121282
1463190583195877387
1463190582659014657
1463190582449299461
1463190582403248133
1463190582377992192
1463190582298353672
1463190582143205393
1463190581690126341
1463190581098786821
1463190580662607875
1463190580364816388
1463190580314390533
1463190579882430466
1463190579190325255
1463190579001634818
1463190578955489288
1463190578695446528
1463190578594729985
1463190578523516930
1463190578162769933
1463190577957072898
1463190577806299145
1463190577802092546
1463190577273528327
1463190577093115904
1463190576124379151
1463190576036294663
1463190575889408006
1463190575658668035
1463190575633473542
1463190575557984260
1463190575251873798
1463190575230894091
1463190574794776586
1463190574736056328
1463190574438051842
1463190574324928513
1463190573939105792
1463190573934915587
1463190573737730063
1463190573360185352
1463190573163110406
1463190572966027268
1463190572861067268
1463190572714401797
1463190571921461248
1463190571791654913
1463190571636465667
1463190571556786184
1463190571300888586
1463190570508107787
1463190569434464257
1463190569270890507
1463190569128054787
1463190568998219785
1463190568633356291
1463190568490655745
1463190568318681089
1463190568067080192
1463190567551049730
1463190567462916099
1463190567433691142
1463190567244861443
1463190567047868421
1463190566238253060
1463190565600870405
1463190565172834307
1463190564363460616
1463190564225138703
1463190563805712400
1463190563792908289
1463190563709243395
1463190563663097859
1463190563440660480
1463190563247714307
1463190563113558024
1463190563004592136
1463190562710822915
1463190562606047240
1463190562505428999
1463190562354380810
1463190562178310145
1463190561842679810
1463190560546734082
1463190560500498438
1463190560496402432
1463190560399843343
1463190560274108424
1463190560072560644
1463190558470549514
1463190558315356169
1463190558097039364
1463190558088773646
1463190558067802118
1463190557992177666
1463190557937782785
1463190557719674891
1463190557593939974
1463190557161885699
1463190556868325382
1463190556436312066
1463190556054634500
1463190555777765393
1463190555387695112
1463190555157057541
1463190555140182025
1463190555031224325
1463190554888617996
1463190554884382721
1463190554523561984
1463190554162995210
1463190554091659274
1463190554079117313
1463190553953247234
1463190553248608256
1463190552854286341
1463190552568950787
1463190551910572037
1463190551742894087
1463190551621160966
1463190551499448325
1463190551273029647
1463190551239532545
1463190550811709440
1463190550622916620
1463190550291570708
1463190550283276290
1463190550278852611
1463190550094434307
1463190549981282305
1463190549473611777
1463190549284990990
1463190549171744769
1463190548727189511
1463205701598081025
1463205701459787790
1463205701082390537
1463205700868448256
1463205700801335298
1463205700671356935
1463205700574793736
1463205700331618304
1463205699949928454
1463205699891212295
1463205699467493383
1463205699232616451
1463205699199057934
1463205698880290834
1463205698754555905
1463205698666319875
1463205698456760325
1463205697898823692
1463205697831641089
1463205697592639495
1463205697374539776
1463205697219399710
1463205697110388740
1463205697055862806
1463205697005441037
1463205696854499347
1463205696795820036
1463205696766287875
1463205696493830144
1463205695709487104
1463205695621320708
1463205695386492932
1463205695059341312
1463205694904143883
1463205694828683268
1463205694828601365
1463205694472028164
1463205694262362118
1463205694199545864
1463205693457145863
1463205693146734598
1463205692576350218
1463205692408582145
1463205692089806855
1463205691926069249
1463205691393462283
1463205691045269509
1463205690634297346
1463205690516848647
1463205690206531593
1463205689912815617
1463205689665458192
1463205689468276739
1463205689082351625
1463205688851812359
1463205688646189077
1463205688071667715
1463205688054845446
1463205687463403536
1463205687400480769
1463205686687502338
1463205686536548358
1463205686536458242
1463205686251335688
1463205686016450564
1463205685890453507
1463205685798264845
1463205685592743947
1463205685118873608
1463205685076787202
1463205684934287369
1463205684917555213
1463205684837765129
1463205684779130896
1463205684179353602
1463205683919298571
1463205683722076178
1463205683692720135
1463205683332059136
1463205683051081740
1463205683030106112
1463205682853908488
1463205682849722374
1463205682749095936
1463205682627317761
1463205682442768388
1463205682371510274
1463205682358853637
1463205682266746880
1463205682178633733
1463205681968951305
1463205681817956362
1463205681704620035
1463205681633406990
1463205681406758914
1463205681176236044
1463205680786067461
1463205680760958976
1463205680563720193
1463205680173617152
1463205679490027521
1463205679284592643
1463205678886137858
1463205678407995407
1463205678307233795
1463205678298898437
1463205678298763265
1463205677749485581
1463205677749391368
1463205677745197056
1463205677594202113
1463205677514596371
1463205677401358352
1463205677132832769
1463205676898037761
1463205676369522689
1463205676251947012
1463205676147171334
1463205675660627975
1463205675496919044
1463205675224510473
1463205675111104512
1463205675098591238
1463205675090288643
1463205675052548097
1463205674704379908
1463205674607955972
1463205674599518213
1463205674398236674
1463205674268049412
1463205674121375755
1463205674003927046
1463205672934383630
1463205672582094859
1463205672112168962
1463205672070299650
1463205672057655298
1463205671533486082
1463205671516704778
1463205670870822914
1463205670866595854
1463205670858149913
1463205670623318020
1463205670241673217
1463205670107467782
1463205670052847618
1463205669687992320
1463205669469835272
1463205669109211144
1463205668765290497
1463205668547006466
1463205668178042889
1463205667607654401
1463205667553087493
1463205667452633088
1463205667414683649
1463205667406241802
1463205667271954432
1463205666915594246
1463205666672320512
1463205666273779722
1463205666248667144
1463205665879560194
1463205665820885001
1463205665619554304
1463205665380474888
1463205665288044546
1463205665116246026
1463205664965242880
1463205664814153734
1463205664717742082
1463205664248016912
1463205663413260292
1463205663270604801
1463205662679314437
1463205662310207499
1463205662234746885
1463205662108930051
1463205662066835457
1463205661907501076
1463205661760651267
1463205661689491474
1463205661626486789
1463205661358137348
1463205661060313089
1463205660552622081
1463205660544405508
1463205660166955009
1463205660082860034
1463205659747389444
1463205659730604033
1463205658870919170
1463205658552115201
1463205658438815754
1463205658120048647
1463205657763586052
1463205657306357769
1463205657214173192
1463205656962297858
1463205656513630221
1463220800882978829
1463220800689950722
1463220800392245256
1463220799876259844
1463220799700029440
1463220799591133186
1463220799565881349
1463220798630543367
1463220798307672067
1463220798257340426
1463220798244671495
1463220798198583303
1463220797770719234
1463220797154250757
1463220796881612803
1463220796688633858
1463220795925315586
1463220795904303109
1463220795677806593
1463220795170336773
1463220794952228873
1463220794809532421
1463220794692182020
1463220794302111746
1463220794218135556
1463220793660248070
1463220793207398408
1463220792687218692
1463220792381030403
1463220792196542467
1463220792116797446
1463220791911362567
1463220791609282560
1463220791043100675
1463220790883721225
1463220790640345093
1463220790191706114
1463220790145470473
1463220790040666112
1463220790036508676
1463220789965201410
1463220789961015308
1463220789788872707
1463220789759684613
1463220789361233928
1463220789096828928
1463220789075922949
1463220788895666182
1463220788765638660
1463220788199186435
1463220788069289988
1463220787977105410
1463220787935072262
1463220787566059526
1463220787410780160
1463220787394007041
1463220787247202314
1463220787234557954
1463220786928529409
1463220786894942221
1463220786580369411
1463220786559430656
1463220786307731462
1463220786286645249
1463220784953008135
1463220784122540041
1463220784034418698
1463220783279398914
1463220782994100228
1463220782893613060
1463220782755155976
1463220782495117323
1463220782239260681
1463220781438099472
1463220781031346179
1463220781018759171
1463220780821626882
1463220780477530113
1463220780141932548
1463220780096016390
1463220779588354048
1463220778812510218
1463220777931755528
1463220777776463878
1463220777319206912
1463220776975273987
1463220776748920842
1463220776383959047
1463220775721205760
1463220775490494469
1463220775477940225
1463220775406686223
1463220774815207424
1463220774567743491
1463220773657747464
1463220773531885580
1463220771090833427
1463220770880901121
1463220770797232129
1463220770772033540
1463220770545541123
1463220770537033733
1463220770478432256
1463220770059038721
1463220769832456199
1463220769434095616
1463220769429889034
1463220768687468546
1463220768674881542
1463220768603475972
1463220768519643154
1463220767903174656
1463220767613665285
1463220766154141699
1463220765113860098
1463220764870545413
1463220764711215109
1463220764056989705
1463220763650105353
1463220763511734272
1463220763427844104
1463220763041820675
1463220762542759944
1463220762408624137
1463220762144296966
1463220761825533953
1463220761229942784
1463220760911044611
1463220760864980999
1463220759996862470
1463220759875182600
1463220759824896002
1463220759803973632
1463220759724240919
1463220759518756867
1463220759342551049
1463220759237742616
1463220758658826240
1463220758449168399
1463220758331772989
1463220758201585664
1463220758168100870
1463220758054846466
1463220757933219847
1463220757333528581
1463220757287297031
1463220756435947531
1463220756188471297
1463220756171702286
1463220756087808005
1463220755802599434
1463220755114741765
1463220754942599170
1463220754900791298
1463220754837905420
1463220754829520899
1463220754728824844
1463220753789296644
1463220753642528770
1463220753600503808
1463220753457823744
1463220753340375041
1463220753306820609
1463220753138995202
1463220752749154308
1463220752556118023
1463220752287629312
1463220752124190723
1463220751914483714
1463220751499149316
1463220751360614401
1463220751209746443
1463220750903656451
1463220750408720396
1463220749569871889
1463220749548670978
1463220749498523655
1463220749133623299
1463220748881911808
1463220748777046027
1463220748559044609
1463220748349284363
1463220748235984913
1463220747107803141
1463220746608689152
1463220746306658310
1463220745962762245
1463220745929039876
1463220745761218566
1463220745438482437
1463220745388101639
1463220745371365378
1463220744738025485
1463220743936872449
1463220743915937795
1463220743748132866
1463220743735554053
1463220743647506439
1463220743064457218
1463220742296944643
1463235900364763139
1463235900318658568
1463235900259897353
1463235900167663622
1463235899861438474
1463235899182002184
1463235898930253827
1463235898414227456
1463235898317971473
1463235898061975552
1463235897873379331
1463235897483268111
1463235897273552901
1463235897160306690
1463235897009356802
1463235896812220424
1463235896510013443
1463235896484970497
1463235896422154248
1463235896266960898
1463235896254341123
1463235896191422466
1463235895927222276
1463235895809638402
1463235895440539652
1463235895318958080
1463235894832349188
1463235894433959936
1463235894299742212
1463235894245306382
1463235894228385797
1463235894136041473
1463235893528039425
1463235893351747585
1463235893280616456
1463235893196693512
1463235892525641733
1463235892202680323
1463235892085235726
1463235891896500224
1463235891753803783
1463235891258789890
1463235891137327115
1463235891137241095
1463235890906546188
1463235890617147392
1463235890050961412
1463235889694449668
1463235889161719811
1463235888943706117
1463235888939425795
1463235888704536582
1463235888411025415
1463235887886647303
1463235886821244928
1463235886745853958
1463235886678564867
1463235886540148737
1463235886158688258
1463235885885845506
1463235885881864197
1463235885835571206
1463235884841533442
1463235884749398028
1463235884711661584
1463235884678066184
1463235884405436426
1463235884199854091
1463235884137041920
1463235884132839426
1463235883818262536
1463235883780481029
1463235883394641922
1463235882807435274
1463235882551545861
1463235881612062721
1463235881175765000
1463235880844361728
1463235880609452032
1463235880273866752
1463235880060129284
1463235879837728768
1463235879821062160
1463235878801879044
1463235878554378247
1463235878248083456
1463235877786767381
1463235877736488964
1463235877363060739
1463235877203816448
1463235876922740736
1463235876775940098
1463235876574670863
1463235876369182728
1463235876314660873
1463235876146790405
1463235875907809299
1463235875882549249
1463235875165597696
1463235874909528067
1463235874418688000
1463235874380996611
1463235873944883204
1463235873873539073
1463235873844174856
1463235873718222851
1463235873198247938
1463235871512084485
1463235871101100034
1463235870845247500
1463235870711033856
1463235870694072322
1463235870463508483
1463235870425698307
1463235870203555852
1463235870115389442
1463235869913989124
1463235869788282881
1463235868429279239
1463235868383195138
1463235868349460481
1463235868236427277
1463235868072681473
1463235868035104773
1463235867720441861
1463235867305074690
1463235866948689928
1463235866743214085
1463235866587971585
1463235865979887623
1463235865963118596
1463235865963024387
1463235865812123654
1463235865627537410
1463235865585537027
1463235865379946500
1463235865283596301
1463235864973217792
1463235864834854918
1463235864746733572
1463235864725577731
1463235864667082753
1463235864419569674
1463235864289550338
1463235864188829699
1463235863970820111
1463235863739985921
1463235863362502659
1463235861999460365
1463235861231947779
1463235860825092098
1463235860783108096
1463235860707561479
1463235860602789888
1463235860221075462
1463235859738681355
1463235859642204163
1463235859491213317
1463235859260456968
1463235859105255425
1463235859038175234
1463235858862071808
1463235858778050562
1463235858102992909
1463235857557733376
1463235856840511489
1463235856806944782
1463235856139964429
1463235856123277312
1463235855720583172
1463235855347339273
1463235855217213441
1463235855146000396
1463235855137624071
1463235854881677314
1463235854739116038
1463235854651039746
1463235854646796296
1463235854588129287
1463235854344798210
1463235854093201417
1463235854009311245
1463235853610733572
1463235853464096769
1463235852369289220
1463235852226736129
1463235851907780610
1463235851404644355
1463235850947416069
1463235850875990016
1463235850700046342
1463235850276413450
1463235850058174470
1463235849798266885
1463235849789845507
1463235849634652164
1463235849181614082
1463235848787349510
1463235848678383617
1463235847952769032
1463251000098185219
1463250999842426886
1463250999502684169
1463250999192260611
1463250999007748098
1463250998852345858
1463250998625976322
1463250998080638979
1463250997728456712
1463250997598466052
1463250997447376903
1463250997430546436
1463250997246111755
1463250997015457793
1463250996981911553
1463250996663099403
1463250995820081155
1463250995778052105
1463250995765555211
1463250995606138894
1463250995551649798
1463250995408949248
1463250995081793544
1463250994989604873
1463250994964357127
1463250994901532681
1463250994788249607
1463250994565951498
1463250994503069696
1463250994356277252
1463250993706151944
1463250993148223491
1463250992942792708
1463250992309452808
1463250991940182018
1463250990677774337
1463250990350495746
1463250989851447296
1463250989260103687
1463250988937232400
1463250988807163911
1463250988639436807
1463250988547072006
1463250987980931074
1463250987871883271
1463250987783708678
1463250987230142480
1463250987158810624
1463250987053985800
1463250986751823874
1463250986517082113
1463250986466791429
1463250986005377027
1463250985149739017
1463250984428257284
1463250984268935169
1463250983631347722
1463250983539073027
1463250983434264579
1463250981559361547
1463250981400068098
1463250981014147088
1463250980410175494
1463250980250730517
1463250979986583569
1463250979814612994
1463250979206357001
1463250978933645312
1463250978266927110
1463250977692209161
1463250977595670531
1463250977428017163
1463250977260285959
1463250977209954312
1463250977138491392
1463250976836669445
1463250976593395718
1463250976568233996
1463250976543064078
1463250976358510594
1463250976039702533
1463250976022872073
1463250975699914760
1463250975255375894
1463250975116906496
1463250975091740679
1463250974622076939
1463250974580035584
1463250974529798154
1463250974513025024
1463250974081011726
1463250973984444423
1463250973279887366
1463250973221138443
1463250972323598339
1463250972138999812
1463250971937718275
1463250970498850824
1463250970092134405
1463250970025115655
1463250969974775814
1463250969521635331
1463250969114906624
1463250968938745859
1463250968905240585
1463250968338997264
1463250968074719234
1463250967881662468
1463250967730827264
1463250967722405891
1463250967558823953
1463250967122616339
1463250966996824067
1463250966933749761
1463250966799601667
1463250966761848832
1463250965772054531
1463250965621055493
1463250965428154369
1463250965327458307
1463250964497018892
1463250964484440066
1463250964396261383
1463250964245364740
1463250964207607813
1463250964165664776
1463250963662192644
1463250963645407234
1463250963343441922
1463250963322523650
1463250961619636228
1463250960721977345
1463250960021696512
1463250959904165889
1463250959895777288
1463250959673565188
1463250959442796545
1463250959270821891
1463250959086333954
1463250959082176518
1463250958729764867
1463250958096515083
1463250957815488514
1463250957689569294
1463250957416812548
1463250957404311552
1463250956062273536
1463250955487559682
1463250955324071938
1463250955244294145
1463250955105935373
1463250954367684609
1463250954120278024
1463250954028003338
1463250954023755780
1463250953474387980
1463250953461813257
1463250953231126536
1463250952979464193
1463250952467763216
1463250952316612609
1463250952136409088
1463250951926603779
1463250951561699328
1463250951507169283
1463250951347843072
1463250950265704458
1463250949871448070
1463250948587982855
1463250948491411456
1463250948235698185
1463250948097249284
1463250947853852675
1463250947593981953
1463250947111587859
1463250947090436096
1463250946746724357
1463250946625093642
1463250946583154696
1463250946113294339
1463250946100711425
1463250946096390152
1463250945916157963
1463250945861685254
1463250945777840140
1463250944804671488
1463250944632700932
1463250944586661899
1463250944410460166
1463250944158801923
1463250944154558472
1463250944125194242
1463250943974076417
1463250943751999489
1463250943680688135
1463250943210885129
1463250943085064192
1463250942405615616
1463250942309158918
1463250941403189255
1463266099311493121
1463266099080966152
1463266098946662405
1463266098799853583
1463266098250452993
1463266097235439635
1463266097126387712
1463266097113800708
1463266096673435653
1463266096312569858
1463266095591084033
1463266095582920714
1463266095507324944
1463266095322783758
1463266094966263819
1463266094874042381
1463266093729001481
1463266093292822530
1463266093288599562
1463266093020106757
1463266092814680072
1463266092634230786
1463266092323950592
1463266092185374724
1463266091833204745
1463266091795369991
1463266089832521734
1463266089698217989
1463266089299808266
1463266089077514247
1463266088897105923
1463266088750399489
1463266088477671431
1463266088196751364
1463266088163160069
1463266087752065024
1463266087659786244
1463266087160750088
1463266086602821633
1463266086430949385
1463266086305116164
1463266085608775680
1463266085306785801
1463266083343851522
1463266083100512260
1463266082869977097
1463266082832232450
1463266082135756803
1463266082085646347
1463266081892716551
1463266081829756933
1463266081703870468
1463266081590718465
1463266081569755136
1463266081393430528
1463266081032790025
1463266080609214469
1463266080437243907
1463266080105848844
1463266080055566339
1463266079950659585
1463266079778775040
1463266079774584835
1463266079401201664
1463266079334092803
1463266079162130439
1463266078872719365
1463266078021324803
1463266077819826177
1463266077765480455
1463266077492793346
1463266077400608772
1463266077165723658
1463266076922372104
1463266076909781004
1463266076804923398
1463266076314251267
1463266076288962564
1463266076075204618
1463266075915669508
1463266075727089664
1463266075328462849
1463266075278290951
1463266074988744705
1463266074900709389
1463266074472951814
1463266073671839745
1463266073092845569
1463266073038438404
1463266072866471937
1463266072707178499
1463266072287711245
1463266072275075082
1463266071830573057
1463266070677049346
1463266070593167361
1463266070509150213
1463266069947293698
1463266069888454659
1463266069884203008
1463266069473333254
1463266069183975426
1463266069007769606
1463266068831612934
1463266068600872967
1463266068173045763
1463266067862769667
1463266067778871299
1463266067346776066
1463266067267170305
1463266065832726534
1463266065589231617
1463266065148907525
1463266065098723338
1463266064675000324
1463266064133804033
1463266064062717957
1463266063832039433
1463266063802507265
1463266063681040386
1463266063559405569
1463266063207047177
1463266062703775747
1463266062699479045
1463266062598819843
1463266062527602696
1463266062057689093
1463266061667618818
1463266061428527107
1463266061365641217
1463266061177004036
1463266061042679811
1463266060845469700
1463266060648525831
1463266060216504327
1463266060065406978
1463266059235041281
1463266059230797824
1463266059218300935
1463266058933276675
1463266058807169029
1463266058408796161
1463266057888706567
1463266057846542341
1463266057729286153
1463266057628569605
1463266057305706503
1463266057230204933
1463266056911294465
1463266056848515073
1463266056814874630
1463266056764600326
1463266056642998274
1463266055967711236
1463266055606845442
1463266054960926729
1463266054763859979
1463266054692552711
1463266054591983619
1463266054554140676
1463266054554091520
1463266054445146118
1463266054348673025
1463266054298288134
1463266054214455296
1463266053669089284
1463266053631496203
1463266053065043974
1463266052213817344
1463266052213719047
1463266052150861831
1463266051853070340
1463266051643346948
1463266051626569729
1463266051295264769
1463266051056181256
1463266050196262915
1463266049684480001
1463266049181339654
1463266048912855046
1463266048820580359
1463266048728260612
1463266046882848774
1463266046681378816
1463266046421393414
1463266046173978627
1463266045708455945
1463266045549060096
1463266045351931910
1463266044978638852
1463266044928163840
1463266044819169285
1463266044772900864
1463266044257177602
1463266044190105605
1463266044043317251
1463266043560804354
1463266043426754567
1463266043011514370
1463266042457767937
1463281199175012352
1463281199091224588
1463281198659104770
1463281198600531970
1463281197996457987
1463281197820387332
1463281196826308611
1463281196775919617
1463281196134285315
1463281195379134467
1463281195366502407
1463281194498408453
1463281194443976711
1463281193818812419
1463281193428914181
1463281193198178313
1463281192955002888
1463281192392957955
1463281192283815937
1463281191113662472
1463281190543282179
1463281189717000192
1463281189570154507
1463281189368774662
1463281189175926802
1463281189104627717
1463281188915847170
1463281188655665153
1463281188429340676
1463281187632336899
1463281187577896964
1463281187103776772
1463281187070230530
1463281187057594371
1463281187032498177
1463281186894188545
1463281186638282759
1463281186470600706
1463281186319515652
1463281186281828357
1463281185929539600
1463281185531088896
1463281185489137672
1463281185321369600
1463281185061101582
1463281184599904261
1463281184310501385
1463281183651946500
1463281183589081094
1463281183119323139
1463281182582452230
1463281182456483841
1463281182259519496
1463281181663764480
1463281181290635265
1463281181131223046
1463281180846043137
1463281180766318593
1463281180288114701
1463281179864354820
1463281179411451908
1463281179298250756
1463281179105415169
1463281178862100487
1463281178396536832
1463281178111266818
1463281178044248070
1463281178031575040
1463281177742266371
1463281177008099328
1463281176865832962
1463281176605605888
1463281176311996418
1463281176303616003
1463281176257384457
1463281176206974981
1463281176089702407
1463281176022556676
1463281175238172675
1463281175221321732
1463281174730706945
1463281174206427146
1463281173879156739
1463281173447143425
1463281172885159936
1463281172868440066
1463281172755193872
1463281172331606028
1463281171274555402
1463281171232657411
1463281171110973447
1463281170817462277
1463281170607742981
1463281170355929088
1463281170033127428
1463281169957593092
1463281169739378688
1463281169676611587
1463281169664200704
1463281169022296064
1463281167382327300
1463281167319371778
1463281167185051655
1463281166895783942
1463281165914284044
1463281165310349321
1463281164559474688
1463281164299427850
1463281164140093442
1463281164001685505
1463281163896770562
1463281163817164801
1463281163481477127
1463281163066167302
1463281162969919490
1463281162823024644
1463281162714034183
1463281162139361284
1463281161728311297
1463281161640235018
1463281160914497539
1463281160226697219
1463281160046399491
1463281159689977862
1463281159656329216
1463281159492669444
1463281158729261062
1463281158691696642
1463281157110386689
1463281156506492933
1463281155927646215
1463281155235627015
1463281154602287111
1463281154392571911
1463281154346336265
1463281153859895300
1463281153637560327
1463281153633357831
1463281153536712707
1463281152442077192
1463281152052142086
1463281151934619650
1463281151636742154
1463281151376830471
1463281151263580166
1463281150755893250
1463281150458220551
1463281150126739459
1463281149883551745
1463281149350920207
1463281149170565127
1463281149149687819
1463281148730265604
1463281148403109897
1463281148352679936
1463281147895586817
1463281147824201729
1463281147522125827
1463281147467616262
1463281147241189379
1463281147207729154
1463281147073421328
1463281146855370760
1463281146347671554
1463281145639051267
1463281145156714502
1463281145030881280
1463281144955297800
1463281144913293314
1463281144523366400
1463281143860666369
1463281143755673602
1463281143671926784
1463281143432757252
1463281143319511049
1463281143310995456
1463281143080534017
1463281142891790342
1463281142866628610
1463281142799511553
1463281142715629578
1463281142614872069
1463281142208077825
1463281142136717320
1463281141725548548
1463281141482463239
1463281141159546889
1463281140836540417
1463281140786245639
1463281140509282309
1463281140173737991
1463281140006010886
1463281139767025664
1463281139116826625
1463281138806493184
1463281138433028100
1463281138198265863
1463281137560739841
1463281137430802439
1463281137380429826
1463296298480816129
1463296298132684803
1463296297637761029
1463296297600012289
1463296297415458821
1463296297352450050
1463296297306365956
1463296296824061955
1463296296748564481
1463296296329043973
1463296296165515272
1463296296014557185
1463296295804674054
1463296295091810305
1463296295062364160
1463296294093524996
1463296293955121159
1463296293619605515
1463296293598605312
1463296293418061827
1463296292839428099
1463296292759740419
1463296292260614144
1463296291992129541
1463296291719548931
1463296291312656385
1463296291241406473
1463296290914246658
1463296290721341440
1463296290658390030
1463296290377416707
1463296289760849920
1463296289735643139
1463296289509199873
1463296289362395143
1463296289253302272
1463296288670339072
1463296288531927052
1463296288338759681
1463296288170987523
1463296286854111234
1463296285516181504
1463296285423902724
1463296285130301446
1463296284559921152
1463296284475883521
1463296284262125578
1463296284006223873
1463296283691532290
1463296283574255622
1463296282609471494
1463296282206912513
1463296281854545923
1463296281527427076
1463296281485447177
1463296281451839499
1463296279870468101
1463296279778316303
1463296279212183555
1463296278947942400
1463296278754836480
1463296278138265600
1463296277362397187
1463296277307871235
1463296276603105282
1463296276187992068
1463296276083003393
1463296275567329282
1463296274858491908
1463296274539634691
1463296273977589762
1463296273776365572
1463296273277063168
1463296273038163969
1463296272870391830
1463296272862007298
1463296272429764608
1463296272215982086
1463296271817621509
1463296271729545218
1463296271691784197
1463296271498711041
1463296271356239875
1463296270496194561
1463296270039240711
1463296269179260930
1463296269162586121
1463296268277534721
1463296268210520066
1463296267702968321
1463296267413557257
1463296267191259141
1463296266797035524
1463296266415267845
1463296266377510913
1463296266264358917
1463296265773465601
1463296265647800324
1463296265375076353
1463296264448229378
1463296264209117185
1463296264079085575
1463296263793913862
1463296263588397058
1463296263525445640
1463296263445696514
1463296263017828352
1463296262694912003
1463296262359425025
1463296260509687811
1463296259696046088
1463296259423408132
1463296259247251458
1463296258660048896
1463296258152579077
1463296257720524801
1463296257452134409
1463296257405997062
1463296257099583493
1463296256567123972
1463296256562900998
1463296255619129347
1463296255417851909
1463296255254142977
1463296255145103365
1463296254859956224
1463296254675279873
1463296254142726145
1463296253337522180
1463296252515340298
1463296252309876743
1463296252129554434
1463296251743830016
1463296251492028417
1463296250812506113
1463296250707644421
1463296250451738630
1463296250338430978
1463296250292355073
1463296250187505665
1463296248958656518
1463296247905853455
1463296247700336649
1463296247675203593
1463296247658389510
1463296247335464964
1463296247222226958
1463296246819561476
1463296246609858568
1463296246601375749
1463296245586350088
1463296245460516870
1463296245401886721
1463296244449624064
1463296244286111748
1463296244030259202
1463296243841609735
1463296243484999685
1463296243304517633
1463296243195600897
1463296243015241739
1463296242411347972
1463296242348277761
1463296241756901376
1463296241203388420
1463296241064984582
1463296240293081088
1463296240196665345
1463296240142237698
1463296239726997508
1463296238804209664
1463296238774857734
1463296238753751041
1463296238749720581
1463296238619615233
1463296237659213838
1463296236958752777
1463296236866392067
1463296236333993985
1463296235905982467
1463296235612291073
1463296234823823360
1463296234748354569
1463296234634956804
1463296234496610306
1463296234312151040
1463296234026901507
1463296233875853313
1463296233741639682
1463296233242382344
1463296233024413702
1463296232185602060
1463296232135311363
1463296231883653126
1463296231661309953
1463296231384440834
1463296231329910791
1463296231162085376
1463296230222663681
1463296230193176580
