1462224233812140038
1462224233581498368
1462224233241759747
1462224233027805188
1462224232495071236
1462224231744241664
1462224231740047364
1462224231224205317
1462224230779691011
1462224230590959619
1462224230020521986
1462224229718540295
1462224229433180161
1462224229294768134
1462224228577595397
1462224227667517440
1462224227441033217
1462224227193479179
1462224227084345347
1462224226845396992
1462224226761396230
1462224226379874304
1462224226262437889
1462224225389871118
1462224225234731014
1462224224966295559
1462224224207228930
1462224224102322176
1462224223779246082
1462224223338786816
1462224222344953857
1462224222206689280
1462224221707325448
1462224221497561095
1462224221485080581
1462224221405388802
1462224220537065473
1462224219668987910
1462224218951614467
1462224218670739457
1462224218658062338
1462224218620317701
1462224217974448130
1462224216883924997
1462224216372224013
1462224215675920388
1462224215357198344
1462224213910212611
1462224213243318272
1462224213230727171
1462224212555304962
1462224211821350912
1462224211770949634
1462224210802188291
1462224210315591680
1462224209673871361
1462224209627676679
1462224209401331713
1462224208788926465
1462224208436424710
1462224207442432000
1462224207409041408
1462224206586945537
1462224206373007363
1462224203248287749
1462224203189407745
1462224203164229632
1462224203063738370
1462224202635915265
1462224202568806405
1462224201247453187
1462224200312266758
1462224200148520961
1462224199804760069
1462224199150452737
1462224198558908423
1462224198433181698
1462224197971759114
1462224197749551113
1462224197405626374
1462224197229309953
1462224194440249350
1462224194410852357
1462224193886564356
1462224190258532365
1462224189729955849
1462224189033754626
1462224188983459843
1462224188949733391
1462224188014358530
1462224187553112067
1462224187469156354
1462224187251216386
1462224185535516675
1462224184881426440
1462224184696872968
1462224184189153280
1462224184185176066
1462224183732183043
1462224183694434307
1462224183673475075
1462224183031697411
1462224182788435968
1462224182062821378
1462224181127487495
1462224180674502659
1462224180502401025
1462224179357315081
1462224179328028680
1462224179265167362
1462224177763520520
1462224176979197953
1462224176966774787
1462224176958218243
1462224176534761472
1462224176438124544
1462224176375341056
1462224176199004161
1462224175247114243
1462224174550863878
1462224174513115139
1462224173078654977
1462224172344557584
1462224171736473612
1462224171035869191
1462224170859712515
1462224170847137800
1462224169496576004
1462224168917913615
1462224168833933315
1462224168431333376
1462224167370174476
1462224167219056641
1462224167072321543
1462224166992715780
1462224165998637058
1462224165742817283
1462224165419761670
1462224165310812161
1462224165285638153
1462224164853592064
1462224162609639427
1462224161779159044
1462224161535926275
1462224160600379394
1462224160579624965
1462224159661076480
1462224158906109953
1462224158289547265
1462224157538762754
1462224157446492170
1462224156771201032
1462224156695547905
1462224156641005569
1462224156603392005
1462224155114237952
1462224154808266761
1462224154498048001
1462224154183221251
1462224154099216384
1462224153482866688
1462224152660639746
1462224151087923203
1462224151071051777
1462224151008231429
1462224150991413253
1462224150991278084
1462224150580371462
1462224150538297348
1462224150127390730
1462224149875769350
1462224149863182340
1462224149816905732
1462224149724631040
1462224149594755079
1462224148847992832
1462224148684496898
1462224148030230529
1462224147682152448
1462224147308814343
1462224146306265093
1462224145970778115
1462224145878597634
1462224145694007300
1462224145438199816
1462224145303756802
1462224145278976000
1462224145123581957
1462224144787853316
1462224144783843328
1462224144330858501
1462224143441543172
1462224142976135168
1462224142959190020
1462224142757810182
1462224142015545351
1462224141768171521
1462224141495406592
1462224139733721090
1462224139175927811
1462239333650423815
1462239333520343040
1462239333121855488
1462239331901394946
1462239331578523649
1462239331456897024
1462239331364458497
1462239331100368899
1462239331062476800
1462239330320142340
1462239330156560386
1462239330123108352
1462239330026541058
1462239329875550208
1462239329531559941
1462239329351254017
1462239329162612739
1462239328902520836
1462239328587771911
1462239328273317888
1462239327954550784
1462239327451111426
1462239327057031168
1462239326306279428
1462239325735714821
1462239325349888002
1462239325064728580
1462239324448034825
1462239323831496705
1462239323785474050
1462239323655335941
1462239322908905473
1462239320719314947
1462239320408997889
1462239320258007049
1462239319419092992
1462239319385513984
1462239318886567936
1462239318592966663
1462239316458057732
1462239315745026048
1462239313794670596
1462239313739988994
1462239313580670977
1462239312062431242
1462239311730933763
1462239311646978053
1462239311580090368
1462239311357693954
1462239311299063811
1462239309201690626
1462239308383854592
1462239306588774400
1462239306148364289
1462239305716404228
1462239305028366337
1462239304953077760
1462239304659439630
1462239303786971143
1462239303573123072
1462239303074029569
1462239302918750210
1462239302268735496
1462239302226780162
1462239301844942848
1462239301765320710
1462239300750393344
1462239300364521474
1462239300335153167
1462239299441733638
1462239299433336833
1462239298879688707
1462239298263134209
1462239298258939912
1462239297877295107
1462239297566756868
1462239296664993801
1462239295834570752
1462239295310204935
1462239295117283340
1462239295096434695
1462239295071141889
1462239294958059520
1462239294907727874
1462239294400053250
1462239294349889537
1462239293703917573
1462239293326430208
1462239293259366401
1462239292906881027
1462239292667924486
1462239292613402624
1462239292449824771
1462239291569057795
1462239290981707783
1462239290109407236
1462239289777872899
1462239289463422978
1462239289446645764
1462239289161437185
1462239288867921924
1462239287433379840
1462239286506315777
1462239286431035394
1462239286405877770
1462239286376415233
1462239286258982914
1462239285818671104
1462239284866527236
1462239284103204872
1462239283822174208
1462239283272507396
1462239281943040004
1462239281745907714
1462239281595011074
1462239281456504837
1462239281276235779
1462239280584138755
1462239280290426880
1462239279174799365
1462239279053099014
1462239278872809475
1462239278566682636
1462239278365220867
1462239278264692747
1462239277971132419
1462239277727850504
1462239276599500801
1462239275991257094
1462239274900889604
1462239274670120963
1462239274300936198
1462239274284298245
1462239274099642377
1462239274011660290
1462239273302650885
1462239272782614536
1462239272069578756
1462239271675478020
1462239271272816642
1462239270983413761
1462239270198906884
1462239269418934278
1462239269204942848
1462239268441665536
1462239267346948096
1462239267233488896
1462239266298290178
1462239266059264000
1462239265069453313
1462239264075395078
1462239263563595779
1462239263429382151
1462239262619799555
1462239262296977408
1462239260917043202
1462239259918798864
1462239257641340928
1462239257637105669
1462239257423142914
1462239255435137026
1462239255107756038
1462239255099424780
1462239254986305545
1462239253631418370
1462239253350400003
1462239253254004743
1462239253077938183
1462239251916070919
1462239251555176450
1462239251408379905
1462239251010146305
1462239250879897605
1462239250275917829
1462239250053845001
1462239249613430789
1462239249495953416
1462239248472547328
1462239248329936899
1462239247969263616
1462239247893598212
1462239247356682246
1462239247314960384
1462239246627086337
1462239246232834048
1462239245389770759
1462239244299247616
1462239244118859780
1462239243040968704
1462239242848018436
1462239242734784516
1462239242147540995
1462239241891553280
1462239241736499201
1462239241191178243
1462239240574554117
1462239240155238405
1462239239349972992
1462239237366075393
1462239236007108610
1462254433312641025
1462254432788221952
1462254432075268099
1462254431660130311
1462254430682759170
1462254430582104066
1462254428283564037
1462254427918966784
1462254427843317762
1462254427616595974
1462254427553869827
1462254427499376649
1462254426400382984
1462254425225969665
1462254425175728133
1462254424844378115
1462254424554835972
1462254424517013518
1462254423518896132
1462254423455977472
1462254423154081797
1462254422688477184
1462254421786697728
1462254420897394692
1462254420524077062
1462254419777519622
1462254419341283335
1462254418724749319
1462254418255134725
1462254417529425922
1462254417110044680
1462254415994404870
1462254415310688257
1462254415184744448
1462254414958313472
1462254414924705794
1462254414501056518
1462254414438227975
1462254412840067073
1462254412533944324
1462254412034985988
1462254411388968967
1462254411158196228
1462254410315280390
1462254409962954755
1462254409946001415
1462254409027567617
1462254408675180552
1462254408423649280
1462254408369152003
1462254408012546058
1462254407765180417
1462254407588847617
1462254406620094466
1462254406343266307
1462254406213193728
1462254404514553860
1462254404401340422
1462254403797331970
1462254402702479366
1462254402639519754
1462254402471964678
1462254402433998857
1462254401490497541
1462254400286691333
1462254399644971010
1462254399577894914
1462254399397449732
1462254399284293634
1462254398432858114
1462254398164328451
1462254397216354305
1462254397015089154
1462254395614191624
1462254395123548161
1462254394288885770
1462254393768611840
1462254393223352325
1462254393189933059
1462254392535658497
1462254392493543437
1462254392074190849
1462254391809830912
1462254391717629964
1462254391411580940
1462254391231057921
1462254391155646464
1462254390111313923
1462254390031667202
1462254388458635264
1462254386558779394
1462254386336473093
1462254385568886790
1462254385547857921
1462254385338232844
1462254385187020802
1462254385015238656
1462254384558096388
1462254382846812164
1462254382494408706
1462254382242832392
1462254382112653316
1462254381995372551
1462254381919875077
1462254381596823556
1462254379730452482
1462254379378094082
1462254379264884738
1462254378878967813
1462254377150955527
1462254376748298245
1462254376207085570
1462254375162707973
1462254374516891649
1462254373916930049
1462254372444798979
1462254372436459522
1462254371673198596
1462254370880462856
1462254370091905024
1462254369873739777
1462254369550782466
1462254369345261571
1462254368833490952
1462254368498012165
1462254368351145984
1462254367978008582
1462254367705292803
1462254367550197761
1462254367449485317
1462254367160127491
1462254366547603458
1462254365977284608
1462254365721432066
1462254365331369985
1462254364987383808
1462254364970700800
1462254364555464710
1462254363917832195
1462254363716501507
1462254363477528581
1462254362986692609
1462254361938206725
1462254361409560586
1462254361048928264
1462254360927293444
1462254360692363266
1462254359576784899
1462254358196891659
1462254357903077380
1462254357714407428
1462254357265666049
1462254356892471299
1462254356863107072
1462254356732919809
1462254356619841540
1462254355575304194
1462254355529170946
1462254355336343552
1462254355042742275
1462254354254245890
1462254353461436416
1462254353415393283
1462254352329068551
1462254352257667072
1462254351435636738
1462254351297101828
1462254350668079109
1462254350223347723
1462254349824892940
1462254349699145728
1462254348826730511
1462254347933425665
1462254347828432904
1462254347404910594
1462254347287465984
1462254347077570561
1462254345605419009
1462254343026098179
1462254342732333065
1462254341046349826
1462254340857421826
1462254339980873732
1462254339959971841
1462254339955863561
1462254339163148300
1462254338500349952
1462254338416410628
1462254337657348102
1462254337623670789
1462254336235347968
1462254335186845699
1462254335165968384
1462254334930915330
1462254334201184257
1462254333656014849
1462254333580488707
1462254333039423490
1462254333022674947
1462254332158648327
1462269532731445254
1462269532031139846
1462269531095650304
1462269530688872451
1462269530466668548
1462269530252591105
1462269530105950208
1462269529346613248
1462269528180547584
1462269526775517188
1462269526213480449
1462269525760651265
1462269525722816513
1462269525156450306
1462269525127098371
1462269524380729356
1462269523248123916
1462269523239874560
1462269522493128713
1462269522304401415
1462269521692086275
1462269521008287750
1462269520580644864
1462269516012875782
1462269515987890176
1462269515899809799
1462269515778211846
1462269515547529216
1462269515530924032
1462269515069366273
1462269514222129156
1462269513660047371
1462269513358053376
1462269512951242755
1462269512737193985
1462269512099766274
1462269511185276933
1462269511000805377
1462269510950572035
1462269510900092928
1462269510854098945
1462269510728228870
1462269510681972737
1462269510614876169
1462269509650169856
1462269509344108545
1462269507725144068
1462269507544788992
1462269507448229895
1462269506294718466
1462269506085081092
1462269504432443397
1462269504265003011
1462269503815897090
1462269502520008707
1462269501710340097
1462269501664288776
1462269501492187147
1462269501475598347
1462269501140045830
1462269500821229573
1462269499714027521
1462269499701219328
1462269498849906688
1462269498631888896
1462269498552201216
1462269497704865793
1462269497235189760
1462269496434036737
1462269496073220100
1462269494965981187
1462269494395490313
1462269493250609159
1462269492709494784
1462269492030054400
1462269491480465414
1462269491153448964
1462269490943737864
1462269490901630979
1462269490884796417
1462269490197008391
1462269488951267333
1462269487894384643
1462269486996852738
1462269486912970753
1462269486912864256
1462269486812344323
1462269486598402049
1462269486501961730
1462269485813956615
1462269483393826821
1462269483301572612
1462269483196858368
1462269482458562564
1462269482194202631
1462269479547813893
1462269477983113219
1462269477840691201
1462269477156962310
1462269476087414784
1462269475777097734
1462269475315601413
1462269473235238920
1462269473172434945
1462269471909978112
1462269471427551232
1462269471163252741
1462269470416588801
1462269470316113922
1462269470064316418
1462269468931932160
1462269468537769984
1462269468436938752
1462269468416036864
1462269466964807685
1462269465802858500
1462269465157120000
1462269463940583429
1462269462288101382
1462269462124523532
1462269461080072199
1462269460702588937
1462269460060925953
1462269459679301637
1462269458857213956
1462269458785845248
1462269458538401795
1462269458433540099
1462269458282602496
1462269458026749962
1462269457234079749
1462269456588152832
1462269456399286273
1462269456332337153
1462269456319660032
1462269455791230980
1462269454688178185
1462269453614424070
1462269453501087752
1462269452020420610
1462269451772968963
1462269451525623809
1462269451223642114
1462269450451886087
1462269449898115073
1462269449822605321
1462269448493023235
1462269447490588676
1462269446962262020
1462269445838098434
1462269445200613376
1462269444978262020
1462269444680392705
1462269444034605056
1462269443954913286
1462269443669692421
1462269443547930625
1462269443518578692
1462269443195785217
1462269442663014402
1462269441673089032
1462269440750329862
1462269440125554693
1462269439965990912
1462269438372159495
1462269438087122952
1462269437273387010
1462269434718932998
1462269434488406017
1462269434463150081
1462269434370818052
1462269433947340800
1462269432680665092
1462269431543853062
1462269431506259969
1462269431460110341
1462269431241838594
1462269429903990785
1462269429530587136
1462269429413257218
1462269429002260481
1462269428364718090
1462269428259868675
1462269428112838656
1462269426170937346
1462269424975560707
1462269424698802179
1462269424623403014
1462269424195358722
1462269423646031876
1462269423616724994
1462269423130136576
1462269421683048450
1462269421569855493
1462269419380346883
1462269418801713156
1462269418357067778
1462269417304346626
1462269416721326082
1462269415756554241
1462284632133619717
1462284631789682691
1462284631563243524
1462284631030513664
1462284631001214976
1462284629466099712
1462284629453381635
1462284629428387842
1462284628690014209
1462284628111339520
1462284627666558984
1462284627524083712
1462284627150704652
1462284623841574913
1462284623501746178
1462284622889463808
1462284622398570501
1462284621647945732
1462284621459206144
1462284620079239180
1462284620066484229
1462284619273879553
1462284618611126272
1462284617118109700
1462284616178540546
1462284615616446465
1462284614563766272
1462284613976420360
1462284613057929216
1462284612332359681
1462284609949995009
1462284608276471809
1462284608070815756
1462284607836073985
1462284607492177921
1462284604593913856
1462284603012661249
1462284602261655557
1462284602198818817
1462284601167007744
1462284600521248774
1462284599917174787
1462284599686430721
1462284599422193665
1462284599195701253
1462284599082450953
1462284598239498244
1462284598126256131
1462284597928992773
1462284597241122822
1462284597149016066
1462284596876390401
1462284594041008131
1462284592749047809
1462284591759343617
1462284590962429953
1462284588777148428
1462284588437291008
1462284587929903111
1462284587422425089
1462284584654032903
1462284584612409346
1462284582296956928
1462284581848104960
1462284581185462274
1462284580824694787
1462284580803817473
1462284580707307521
1462284579373412353
1462284579092393986
1462284578203131906
1462284577993539587
1462284577800695810
1462284575380545541
1462284574776385540
1462284574571089923
1462284574269095941
1462284572507484166
1462284572503252994
1462284572402585600
1462284571924484097
1462284571521728514
1462284571022483464
1462284570003345415
1462284568644526080
1462284568233492481
1462284567814066181
1462284567151267841
1462284567063130120
1462284566937354244
1462284566023049216
1462284565800644611
1462284565729488896
1462284565100195844
1462284564492173318
1462284563699298312
1462284563275649024
1462284561056817161
1462284560910077957
1462284560805380099
1462284560583086080
1462284560402501639
1462284557953105922
1462284557470687237
1462284555784654850
1462284554912292867
1462284553284898818
1462284553121251328
1462284551863087107
1462284551816822788
1462284551292477446
1462284550474657795
1462284549895954439
1462284549623148545
1462284549317181442
1462284548469714944
1462284548335497216
1462284546024644608
1462284545676480514
1462284545575772165
1462284545441808384
1462284544342593544
1462284543445110786
1462284543428235271
1462284543214297090
1462284542266458112
1462284542258020353
1462284542211932162
1462284541486321666
1462284538726563840
1462284536495190018
1462284535274508288
1462284535123558405
1462284534578245634
1462284533991043076
1462284532820762631
1462284532019699712
1462284530996310021
1462284530941759495
1462284530765684738
1462284529889157123
1462284528840499201
1462284528416968706
1462284527720701952
1462284527435460608
1462284527347322881
1462284526529302531
1462284525916995593
1462284525858340867
1462284525753577476
1462284524881121281
1462284522343575554
1462284521705914369
1462284521521491968
1462284520925900802
1462284520888188934
1462284520388972544
1462284520300945410
1462284518123925505
1462284518111338498
1462284518107361284
1462284516966342666
1462284516299468807
1462284516211535872
1462284516203151362
1462284516014260225
1462284515947294722
1462284515255148547
1462284514864947205
1462284514479198212
1462284514458099717
1462284513782886404
1462284513573224451
1462284513137078276
1462284511425695748
1462284511367110659
1462284510553329666
1462284510326886407
1462284509936701450
1462284509525721098
1462284507508269057
1462284506371608577
1462284505796857857
1462284505029435392
1462284503909429252
1462284503485804552
1462284503032938499
1462284502412136450
1462284501925642241
1462284501854396421
1462284501812498432
1462284501783097345
1462284501506220035
1462284501388775426
1462284501372088320
1462284500818350088
1462284500809957376
1462284500453543938
1462284500428369921
1462284499933270016
1462299731783262208
1462299730004881409
1462299729497370627
1462299728834666498
1462299727177867266
1462299726783594497
1462299725713928195
1462299725697142789
1462299724203978757
1462299721704247297
1462299719917576194
1462299719678541824
1462299719288430596
1462299719175225352
1462299718592172033
1462299718256500737
1462299718092873732
1462299717887348737
1462299717514235907
1462299717510045698
1462299717224865792
1462299717006671876
1462299715844788228
1462299715291291648
1462299715140296709
1462299715022700546
1462299714737553411
1462299714469392384
1462299714339192836
1462299714032914432
1462299713559056386
1462299713370304512
1462299713038913537
1462299712447516673
1462299711310745601
1462299711268917250
1462299710618800131
1462299707217174534
1462299706986479619
1462299706743308288
1462299706734911490
1462299705707139074
1462299704851668992
1462299704125915140
1462299703895277568
1462299703861731328
1462299703790428164
1462299701156450305
1462299700908937216
1462299700304961536
1462299700208537601
1462299699273035780
1462299699042529280
1462299698178502661
1462299697922682880
1462299697884774400
1462299696332898305
1462299696110583808
1462299695972298753
1462299695695351810
1462299695510786048
1462299693258444801
1462299693212311556
1462299692788813826
1462299691584921602
1462299691513794566
1462299691127771150
1462299690553290753
1462299688636321797
1462299688518832130
1462299688493719561
1462299688133033990
1462299687168495616
1462299686799228929
1462299686778322951
1462299685578706944
1462299684702232576
1462299684265811969
1462299683389427712
1462299683225628675
1462299680172216329
1462299678775689226
1462299678528073728
1462299678360289283
1462299677072629766
1462299676615479302
1462299675860475912
1462299675248189440
1462299674703024136
1462299673998376961
1462299673121673216
1462299673071288323
1462299673029455876
1462299672802824198
1462299672240746503
1462299671779581960
1462299670663815174
1462299666230353920
1462299665412493312
1462299665039167488
1462299664762372096
1462299664519241729
1462299664330330112
1462299663659323395
1462299663491473409
1462299661931212802
1462299661838925831
1462299661612380163
1462299660249354245
1462299660081577987
1462299660047978496
1462299659020480514
1462299658865152007
1462299658705903617
1462299658672246786
1462299658177363968
1462299657594408962
1462299656927342595
1462299655622959111
1462299654540853253
1462299654444359682
1462299653999718404
1462299652695343105
1462299651948703745
1462299650212327426
1462299649637851139
1462299648572329988
1462299648023048194
1462299647167238145
1462299644277440514
1462299644080316416
1462299643627261954
1462299643002253315
1462299638271254531
1462299636870299656
1462299636052332544
1462299634815152128
1462299634664148992
1462299634412535812
1462299633099710464
1462299632000806915
1462299631015059456
1462299630587326465
1462299630524416005
1462299629605818368
1462299629282807812
1462299628230123523
1462299628146200583
1462299628129472520
1462299627139612677
1462299626325913602
1462299624748761090
1462299624551501825
1462299624191021060
1462299622513258496
1462299622504685568
1462299622483841026
1462299622232240129
1462299621909315587
1462299621342932994
1462299621082816512
1462299620990722051
1462299620785201157
1462299620705554434
1462299619866599430
1462299618381815808
1462299617106685953
1462299616775446530
1462299614074134531
1462299612723646468
1462299612606189569
1462299612073574402
1462299611796754433
1462299608885960706
1462299608684449792
1462299607774351361
1462299607304654849
1462299606314729475
1462299604008030209
1462299601998733313
1462299601688399875
1462299601684283396
1462299599352254465
1462299598999801858
1462299598983090177
1462299598869839873
1462299597120761858
1462299596957306883
1462299596722475009
1462299596177162250
1462299595883569153
1462299595564797956
1462299595325665280
1462299594432286722
1462299592553345024
1462299592226185216
1462299592154771458
1462299591496372224
1462299589583597571
1462299589407432709
1462314831281803267
1462314830598180864
1462314830317211649
1462314829595746313
1462314829587390464
1462314829058826241
1462314829058826240
1462314826999291906
1462314826764591105
1462314826244440070
1462314825103527936
1462314825040621577
1462314825002983429
1462314823967023104
1462314823786586115
1462314823023308800
1462314822884900869
1462314820997242880
1462314820833878016
1462314820468936704
1462314820208791558
1462314820108275712
1462314819311255555
1462314819151970304
1462314819139235840
1462314818824806400
1462314818786971648
1462314815532285952
1462314814965878784
1462314814500339717
1462314814240403456
1462314814227861505
1462314814118715395
1462314812680114183
1462314811610566660
1462314810918457347
1462314810775949314
1462314809714692099
1462314808766652417
1462314808427089925
1462314808238231553
1462314808229965825
1462314807940370434
1462314806988484611
1462314805155418127
1462314804857737219
1462314804639584256
1462314801506308099
1462314801439383552
1462314801351491587
1462314801326088194
1462314800218882050
1462314799107387392
1462314798847250436
1462314798608044036
1462314797844815873
1462314797668519936
1462314797601538050
1462314797521907718
1462314796833857541
1462314796620132358
1462314795227516938
1462314794199965697
1462314790773313539
1462314790613700609
1462314790320226308
1462314789670203398
1462314789108006917
1462314788969762816
1462314787635879937
1462314787057065987
1462314786285400067
1462314785324818435
1462314785119342593
1462314784620224517
1462314784460791811
1462314783424843779
1462314782539882498
1462314781587562496
1462314780509671426
1462314780191035392
1462314779629035522
1462314779398356993
1462314778525782024
1462314778433626114
1462314778274287616
1462314777473130497
1462314776709660674
1462314776567160833
1462314775283699714
1462314775082323970
1462314773966688256
1462314773387829249
1462314773312245767
1462314773140295681
1462314772528050178
1462314772406353921
1462314770833584128
1462314768484773888
1462314767394217987
1462314766509215747
1462314766379061251
1462314766198886402
1462314765498208256
1462314763371831299
1462314763355107330
1462314762059014149
1462314761983516672
1462314761941565441
1462314761052319745
1462314760029052929
1462314759777402883
1462314759177572352
1462314757545934852
1462314757298479108
1462314757126606848
1462314756593885184
1462314755146797057
1462314754991484928
1462314753410355200
1462314752089243651
1462314752013705220
1462314750730145795
1462314748834455553
1462314748687654912
1462314748406607873
1462314746808619010
1462314744216535042
1462314744157642755
1462314744145059841
1462314743775985670
1462314743528632321
1462314743314722819
1462314743281106948
1462314743079702532
1462314739627970564
1462314739564834823
1462314738063273989
1462314737811791874
1462314736310267906
1462314736146468864
1462314735907528704
1462314733479022596
1462314733223120905
1462314731180466185
1462314731075784708
1462314730631032835
1462314729850871811
1462314729590820864
1462314727271550980
1462314727091032066
1462314726436786177
1462314725388300289
1462314724956192768
1462314724809449474
1462314724188635140
1462314723299536900
1462314723073044487
1462314722707922946
1462314722569728001
1462314722187829250
1462314721869287426
1462314720837484545
1462314720799698944
1462314720220880898
1462314719990071298
1462314719918780417
1462314719637692416
1462314718643826689
1462314718559969282
1462314716840316931
1462314716336775176
1462314715661488129
1462314715443605504
1462314715284189185
1462314712637616130
1462314711588945920
1462314711471505408
1462314711224139782
1462314710691319809
1462314709924085761
1462314709064028162
1462314708858462209
1462314708363624448
1462314708250370048
1462314706132156424
1462314705561833472
1462314705402298369
1462314705268068355
1462314704832020484
1462314704114647046
1462314703925952513
1462314703678541825
1462314703405912064
1462314703380750336
1462314703338844160
1462314703326167040
1462314703296733188
1462314702831300616
1462314702172606466
1462329931061411840
1462329929492676609
1462329928632971264
1462329928511336455
1462329927601164290
1462329927080972291
1462329926753869830
1462329926707785728
1462329926628122624
1462329926615388162
1462329925285810181
1462329925210419202
1462329924899930114
1462329923427835904
1462329923096522754
1462329921393545217
1462329921078902786
1462329920961531904
1462329920823173122
1462329920588328961
1462329920005226497
1462329919682265093
1462329919162171396
1462329919011123202
1462329918805753865
1462329917950119936
1462329917845086211
1462329917300002816
1462329916863750146
1462329916242935814
1462329914825199616
1462329914162618370
1462329913629982721
1462329911767564288
1462329911260037122
1462329911205498884
1462329910861582339
1462329910823841795
1462329910257545223
1462329909892857856
1462329909737668609
1462329908747767810
1462329907099414528
1462329907002974212
1462329906810003465
1462329906264641538
1462329906239610881
1462329905350422530
1462329905341820941
1462329904981331970
1462329904628842496
1462329903949529088
1462329903853207552
1462329903479758853
1462329902749962244
1462329902523375619
1462329901546192899
1462329900480831489
1462329900459704325
1462329900044533760
1462329899516051459
1462329899016884225
1462329899016876033
1462329899004440577
1462329898538835972
1462329898039758854
1462329897360236548
1462329897175629830
1462329897053949953
1462329896861118467
1462329896848527366
1462329896752009219
1462329895783129088
1462329895703302144
1462329895019847681
1462329894453624838
1462329894071721989
1462329893870526464
1462329893304225794
1462329893077852162
1462329892557758466
1462329892280750083
1462329891450458117
1462329891395940352
1462329891219726340
1462329890758402049
1462329889781161985
1462329889768587266
1462329889256660994
1462329888199876609
1462329887428169729
1462329887100911620
1462329887050530819
1462329886954213377
1462329885876236295
1462329884957622274
1462329884508782597
1462329884399874053
1462329882885574660
1462329882520793091
1462329882285948928
1462329881493217282
1462329881413496836
1462329881170264064
1462329881015037959
1462329880561872898
1462329880310333442
1462329880255860736
1462329879001808902
1462329878578176004
1462329876317229061
1462329875952541698
1462329875751219201
1462329873104621576
1462329872274104322
1462329871712112640
1462329870625783815
1462329870181146628
1462329869983830018
1462329869963083778
1462329869925175298
1462329867878510595
1462329867865894913
1462329866909626368
1462329866666319874
1462329866435665922
1462329866242637825
1462329866007818240
1462329865156366339
1462329864216883209
1462329863809888256
1462329862283317248
1462329861918314498
1462329861373059079
1462329861108912133
1462329860685279232
1462329860454588427
1462329860211286018
1462329859754049537
1462329859431096323
1462329858386808835
1462329858281725959
1462329857090719755
1462329856167976960
1462329855144443904
1462329854339297284
1462329852363776008
1462329851420061698
1462329850958598147
1462329850891587588
1462329849658286082
1462329849586991104
1462329848450347009
1462329848295145472
1462329847984889859
1462329847879897088
1462329846932008964
1462329846546247682
1462329846240059395
1462329845367640065
1462329845300568064
1462329844973424642
1462329844558032896
1462329844428161026
1462329844281323520
1462329844105162756
1462329843543162881
1462329841940787203
1462329841521508353
1462329841018187777
1462329840531431428
1462329840485421061
1462329839944228869
1462329839478784006
1462329839411773443
1462329837251534856
1462329836773552134
1462329835989221376
1462329835645288449
1462329835385151489
1462329834030391304
1462329833715818496
1462329833422209024
1462329832688209922
1462329832591618057
1462329832507940864
1462329831245463552
1462329829982932992
1462329829752250368
1462329829529903105
1462329827894210561
1462329827697074181
1462329827575349255
1462329826581397506
1462329826291896324
1462329826002489355
1462329825574674438
1462329825352421382
1462329823972392965
1462329823825645573
1462345029951893505
1462345029301669897
1462345029264056321
1462345028529840144
1462345028496408582
1462345027540115459
1462345027519188996
1462345026319511552
1462345025828925447
1462345024775999491
1462345024239112193
1462345024012701698
1462345023949783045
1462345023035527177
1462345023010316288
1462345022741917699
1462345022544695301
1462345022154625028
1462345022016311296
1462345021559033857
1462345021492019200
1462345021462614017
1462345021164646402
1462345020476907520
1462345020309225476
1462345019600347136
1462345018497187844
1462345018321117184
1462345017935155203
1462345017071218690
1462345016945176578
1462345015426891777
1462345014462357510
1462345014231461888
1462345014177112065
1462345013933879309
1462345013208178691
1462345012780359680
1462345012558110721
1462345012302290949
1462345011912220672
1462345011840880643
1462345011660574720
1462345011597496325
1462345011371122690
1462345010720821256
1462345010276442112
1462345009437589510
1462345009089302528
1462345009022357505
1462345008372084737
1462345008368033794
1462345007424323588
1462345007357071365
1462345006581104643
1462345006216359938
1462345005725630471
1462345005532655617
1462345005268406282
1462345004781867014
1462345003552763908
1462345001606778883
1462345000805711878
1462344999408914432
1462344998980972550
1462344998888738818
1462344998368784386
1462344998335123456
1462344997567614981
1462344997433446404
1462344996615512064
1462344996410077191
1462344996145799171
1462344995432771585
1462344995336302594
1462344994715492356
1462344993302106113
1462344992706359301
1462344992400281602
1462344991930400768
1462344991561371649
1462344991557271558
1462344990533763081
1462344990475132929
1462344990072451072
1462344989950857219
1462344989871120385
1462344989573361665
1462344988558340101
1462344988457582596
1462344987861991431
1462344987555909635
1462344987547508736
1462344987413200896
1462344987165790209
1462344987056738305
1462344986352103431
1462344985613934592
1462344985576198149
1462344984439529477
1462344984166903811
1462344982577270784
1462344982229135362
1462344981881008129
1462344981872578562
1462344981725675522
1462344981281062915
1462344980928806916
1462344980291276801
1462344979276173314
1462344979087560709
1462344979041423363
1462344977393111048
1462344976558399490
1462344976415838211
1462344976231141378
1462344975870574598
1462344975832829956
1462344974763184131
1462344973609746433
1462344973261623298
1462344973026742277
1462344972330483713
1462344972011716610
1462344971923636225
1462344971860647941
1462344970971627521
1462344970782842887
1462344970539393027
1462344970074009605
1462344969071566858
1462344968023027717
1462344967423209474
1462344967381213188
1462344966680760320
1462344966659874824
1462344966173245447
1462344966039117825
1462344964340428805
1462344963451236352
1462344963149246465
1462344963031765000
1462344962264080390
1462344961958068224
1462344961538420737
1462344961278554114
1462344961253326848
1462344961156952066
1462344960234119173
1462344960041234432
1462344959999168514
1462344959663779842
1462344959034601475
1462344958770393089
1462344957512097794
1462344956983623684
1462344956522242048
1462344956392185862
1462344955284893698
1462344955012263938
1462344954689249281
1462344954139848708
1462344953409904645
1462344952541765635
1462344952386625538
1462344952374087682
1462344952218677249
1462344951409397763
1462344950931243009
1462344950679547909
1462344950281089029
1462344950243282944
1462344949156880388
1462344948875882496
1462344948712456195
1462344948653645825
1462344948242690049
1462344946741043206
1462344945537331202
1462344945516359681
1462344944564285440
1462344944220262408
1462344943113019394
1462344942848659457
1462344942215438339
1462344941624086537
1462344941611491329
1462344940696993794
1462344940500013058
1462344940193779713
1462344940047015941
1462344939791077384
1462344938755018752
1462344936620281859
1462344936062398473
1462344935433281538
1462344933654908930
1462344933642227714
1462344933419876360
1462344933411631114
1462360130050220032
1462360129538461696
1462360129236578306
1462360129228222470
1462360128766857218
1462360128523583493
1462360128091422724
1462360126665498626
1462360126241845252
1462360125834891270
1462360124392185857
1462360123859419137
1462360123788124161
1462360122873810948
1462360122152435717
1462360121640726530
1462360121581793281
1462360121531633666
1462360121040949251
1462360121003159552
1462360120407441408
1462360120013123593
1462360119526576128
1462360119505793025
1462360119333867523
1462360119245742081
1462360118532710404
1462360118507487232
1462360118419464195
1462360118029438982
1462360117924577284
1462360117605769217
1462360117219897345
1462360116829720576
1462360116326551557
1462360115672141826
1462360115345035268
1462360115168915456
1462360114145411074
1462360112849424384
1462360112597811200
1462360111750467596
1462360111595282434
1462360111138045953
1462360109477208064
1462360109191938052
1462360108739014657
1462360107501641728
1462360107065434117
1462360106268454914
1462360106239070210
1462360105136148484
1462360105077420037
1462360104603377664
1462360103559077890
1462360102783041543
1462360102686633991
1462360102518853643
1462360102372061185
1462360101709402116
1462360100945993729
1462360100019048449
1462360100010696709
1462360098932916224
1462360098706276354
1462360098643320838
1462360098458812420
1462360097552752640
1462360097305333766
1462360096827228167
1462360096671993859
1462360096650924034
1462360095564738570
1462360095388573699
1462360095354986501
1462360093308207104
1462360093039734785
1462360093031235587
1462360093010415620
1462360092758708228
1462360092708421635
1462360092557389829
1462360092272168960
1462360091731050500
1462360091663941637
1462360091445927940
1462360091085225987
1462360090124640267
1462360089977888770
1462360089432670210
1462360088828518409
1462360086593118211
1462360086530207746
1462360085561229312
1462360084340776960
1462360083904540672
1462360083761799169
1462360083296366594
1462360081744515083
1462360081685569539
1462360081610256390
1462360080788062209
1462360080628736001
1462360080112832513
1462360079894728708
1462360079756410880
1462360079613710340
1462360079395549186
1462360079336890370
1462360079102005249
1462360077948624903
1462360077843771392
1462360076606398473
1462360076480614403
1462360076212228096
1462360076195446789
1462360076174479361
1462360075943788548
1462360075666739201
1462360075205373955
1462360075041976334
1462360074542882821
1462360074530267139
1462360074492469250
1462360074383360011
1462360074127564801
1462360074073092099
1462360074001735680
1462360073263484930
1462360073062137858
1462360072907104259
1462360072500264966
1462360072445648900
1462360071665594372
1462360070595960838
1462360070264696836
1462360070004654090
1462360069320986625
1462360068641468423
1462360068590997506
1462360068364644352
1462360068129800192
1462360067731341313
1462360067517206531
1462360067328692228
1462360066774999045
1462360066149924865
1462360064874872833
1462360064472277000
1462360063897600005
1462360063839031301
1462360062983241729
1462360062610087941
1462360061830139904
1462360061246947332
1462360060877631488
1462360060508745728
1462360060009582593
1462360059632099330
1462360059544014850
1462360059388706816
1462360059107753988
1462360057434329090
1462360057270571010
1462360057094590465
1462360056721199115
1462360054758322178
1462360054666047491
1462360053940465669
1462360053810401283
1462360053055373316
1462360052673789959
1462360052312981504
1462360052249944067
1462360051985887236
1462360051092533249
1462360051079958538
1462360050715049991
1462360049993621509
1462360049565716484
1462360049372831744
1462360049368518660
1462360049125314563
1462360048542302209
1462360048089415686
1462360048081022978
1462360048026464257
1462360047032303622
1462360046604627970
1462360046503972869
1462360045996462081
1462360045627314177
1462360044427792387
1462360043685306369
1462360043647602696
1462360042724859907
1462360042028552193
1462360041714065409
1462360041709842439
1462360041709785090
1462375228613476358
1462375227573243906
1462375227569197058
1462375226935853058
1462375226872938496
1462375226751213569
1462375226680000513
1462375226206040065
1462375225899687941
1462375225706917892
1462375224914161665
1462375224490573826
1462375223341158400
1462375222921867273
1462375222913519617
1462375222653472770
1462375222477299715
1462375222217039873
1462375221894299653
1462375220656971776
1462375219604119555
1462375219247689730
1462375218303750147
1462375216902979591
1462375216265543683
1462375215804080128
1462375215359348737
1462375215103713281
1462375214264770561
1462375213421809665
1462375213044101128
1462375213040082944
1462375212629045254
1462375212570316801
1462375212477915139
1462375212259938304
1462375211580502023
1462375211366424578
1462375209705615370
1462375208866627591
1462375208401133572
1462375207348449281
1462375206228533248
1462375206169632770
1462375205473505286
1462375204823441412
1462375204643127297
1462375204429213697
1462375203778883584
1462375203590356994
1462375203590311948
1462375202764075010
1462375202738819074
1462375202248142849
1462375202143322118
1462375201732186116
1462375201488973825
1462375200637476867
1462375200167653377
1462375199777644548
1462375199396012032
1462375199379279877
1462375199068889093
1462375198808760321
1462375198502502402
1462375198204825606
1462375196384501765
1462375196183068674
1462375195897995264
1462375195851771906
1462375195633766404
1462375195063336961
1462375194765365250
1462375194597609475
1462375193171554305
1462375193066811394
1462375192756465668
1462375192345382914
1462375191921758209
1462375191158341632
1462375190235598853
1462375188784427012
1462375187849125893
1462375187844939779
1462375186779488256
1462375186418659334
1462375186339180546
1462375186133618688
1462375185710002176
1462375185215021067
1462375185177264131
1462375184846008325
1462375184703361027
1462375184267034630
1462375182950092801
1462375182820118529
1462375181230526465
1462375180697841664
1462375180248891395
1462375179967938567
1462375179171119104
1462375178441310212
1462375178441310209
1462375178416140289
1462375177107349507
1462375176637534223
1462375175907856388
1462375175014391812
1462375172422393858
1462375171600359424
1462375171566841859
1462375171386396676
1462375171357089794
1462375171176558598
1462375170841194499
1462375168928456723
1462375168299446277
1462375168140009473
1462375168131612672
1462375168068698114
1462375167104102402
1462375165669613568
1462375165526953987
1462375165430415361
1462375165220868103
1462375164952276992
1462375164692336643
1462375163966730248
1462375163824164867
1462375163530514437
1462375163157094400
1462375163023044608
1462375162310008832
1462375162230235139
1462375161794080773
1462375161668190211
1462375161223544835
1462375160259006469
1462375159763980296
1462375159470477314
1462375159197843457
1462375158799286284
1462375157285015553
1462375156597379075
1462375156131770374
1462375155750084610
1462375155158720519
1462375154441658370
1462375154323968009
1462375154068213765
1462375153862647811
1462375153837432836
1462375153657171970
1462375153426436098
1462375153216765955
1462375153187360770
1462375151660670976
1462375151413121026
1462375151341867010
1462375151312461831
1462375151081705474
1462375150242959363
1462375149928423424
1462375149433462785
1462375149278273543
1462375149152313347
1462375148716183552
1462375147248095234
1462375146564599813
1462375146447122436
1462375146195505155
1462375145700536323
1462375145490821125
1462375144882688000
1462375144706433028
1462375144689745920
1462375144542945289
1462375144131809284
1462375144119279617
1462375143964315656
1462375143041286149
1462375142735155201
1462375142433206276
1462375142429020168
1462375142076604417
1462375141992771588
1462375141485207565
1462375140159803398
1462375140067397635
1462375139245498370
1462375139174232067
1462375138570108933
1462375138440073219
1462375138284883973
1462375137211293703
1462375137181720579
1462375137173553154
1462375135814594564
1462375135629950978
1462375135445352449
1462390328376311809
1462390327973597189
1462390327936000007
1462390327768236038
1462390327671758852
1462390327298473986
1462390326392410116
1462390325985619970
1462390325968842755
1462390325704597506
1462390325612220425
1462390325037649930
1462390324957827079
1462390324853198856
1462390323741708294
1462390323276095491
1462390323078778888
1462390322869280772
1462390322722390020
1462390322592366598
1462390321849982985
1462390321648705543
1462390321048920075
1462390320449130497
1462390320419770372
1462390319908106245
1462390319505461253
1462390319262097412
1462390319035523083
1462390318771359755
1462390318041550856
1462390317852897285
1462390317836124162
1462390317756391428
1462390317580275723
1462390317295017988
1462390316997267462
1462390316309299202
1462390315713585153
1462390315482959876
1462390315248197635
1462390314761605125
1462390314325393408
1462390314023497735
1462390313700503555
1462390312773554186
1462390312744140807
1462390312035393537
1462390311888506885
1462390311582322688
1462390311422988302
1462390311242526730
1462390311066341376
1462390311032954880
1462390309942403073
1462390309728493570
1462390309543825412
1462390308876869634
1462390308784775173
1462390308239548416
1462390307941584898
1462390307899777031
1462390307748782081
1462390307622957056
1462390307354558465
1462390305882312706
1462390305567694849
1462390305454497798
1462390305337094145
1462390304804413443
1462390304544333831
1462390304070328322
1462390303562817537
1462390303365775363
1462390303168548870
1462390302807838720
1462390302732214286
1462390302392602625
1462390301943861249
1462390301759258630
1462390301671272450
1462390301545402373
1462390301503467522
1462390300580610048
1462390300454891526
1462390300123578368
1462390300085784576
1462390300005912579
1462390299364405249
1462390298663784450
1462390298403913728
1462390298051444743
1462390297954906120
1462390297900597251
1462390297787346946
1462390297229500423
1462390297078468616
1462390296826761223
1462390295539032074
1462390294582906885
1462390294549311493
1462390294515695618
1462390294473752580
1462390294402506753
1462390294272524288
1462390294113132547
1462390293458735104
1462390292666068992
1462390292108173314
1462390291667861508
1462390291579682820
1462390291579637763
1462390291302948870
1462390291051204613
1462390290401091584
1462390290216538113
1462390289327435782
1462390289109291010
1462390287930699778
1462390287737757698
1462390287456776195
1462390286982823942
1462390286152261637
1462390285640609801
1462390284793307141
1462390284604645380
1462390284415913984
1462390284143280131
1462390283174350854
1462390282670919685
1462390282507497479
1462390282402418691
1462390280813002758
1462390280594808839
1462390279105884161
1462390278740844549
1462390277281357824
1462390276924739588
1462390276593487872
1462390276333486089
1462390276115345409
1462390276098560002
1462390274622050306
1462390274362167296
1462390274068520969
1462390274030661633
1462390273766481929
1462390273221308419
1462390272336318470
1462390272202100736
1462390271853871111
1462390271199617025
1462390270876688387
1462390270721470468
1462390270666756099
1462390270499172360
1462390270402641924
1462390268678873097
1462390268376793090
1462390267462369288
1462390267345084418
1462390266648797185
1462390266468446211
1462390266187423744
1462390265424056326
1462390265231118340
1462390265222553605
1462390264899723278
1462390263784124422
1462390263612063744
1462390263440031750
1462390263402356738
1462390262613909504
1462390262576168967
1462390262311768064
1462390261905035265
1462390260525109249
1462390259803734016
1462390259401035777
1462390259266764807
1462390259035959296
1462390259014983686
1462390258578898947
1462390258230829063
1462390257073143809
1462390256364363781
1462390256033017862
1462390256012046338
1462390255160492032
1462390255072563205
1462390254443368449
1462390253864435712
1462390253520629766
1462390253327564802
1462390252723650561
1462390252702781445
1462390252077789192
1462390251821965312
1462390251415089156
1462390251121479684
1462405428453593089
1462405428437037061
1462405427996631042
1462405427673681922
1462405427371544581
1462405427107446795
1462405426650173448
1462405426612482051
1462405426239189001
1462405423840083975
1462405423772815362
1462405423672274956
1462405423525421059
1462405423273762819
1462405423063912453
1462405422791413763
1462405422359404551
1462405421608624130
1462405420648120326
1462405420551708672
1462405420379688961
1462405419440222220
1462405418911768585
1462405418857160708
1462405418827886601
1462405418701971456
1462405418513223685
1462405418504892422
1462405417766567942
1462405417296965633
1462405417187692546
1462405417099743241
1462405416869330946
1462405416835506181
1462405416281911299
1462405416038588420
1462405414566256642
1462405414318788612
1462405413350031376
1462405412809068552
1462405412594937861
1462405412351877124
1462405412335063044
1462405412037316622
1462405411928113155
1462405411647246342
1462405411462594563
1462405411005419520
1462405409361346564
1462405409151623171
1462405408589590535
1462405408493084675
1462405408476188673
1462405408245571587
1462405408199479299
1462405407981330432
1462405407952023554
1462405407641677827
1462405407343849473
1462405407327109124
1462405407188701187
1462405406907633666
1462405405854912515
1462405404319789059
1462405404122566656
1462405404021960706
1462405403610955776
1462405403589890059
1462405403581505539
1462405403199819777
1462405402109386759
1462405401941614594
1462405401249472517
1462405401241169923
1462405400062476292
1462405398477086724
1462405398405820417
1462405397579509854
1462405396853841920
1462405396451233792
1462405396090470403
1462405395956252683
1462405395658457091
1462405394416898049
1462405394412756993
1462405394190553092
1462405393813024778
1462405393800470529
1462405392663732232
1462405392336494593
1462405391346765837
1462405391178940420
1462405389484494858
1462405389409038339
1462405388628856836
1462405388578570242
1462405388180107268
1462405387848765440
1462405387831894017
1462405387697602562
1462405387165093894
1462405386506539008
1462405386493853708
1462405386485522432
1462405385369829383
1462405384078045185
1462405383419482122
1462405383230685184
1462405382287069187
1462405382157082626
1462405382157045766
1462405381909590018
1462405381687332870
1462405381200744450
1462405381028651008
1462405380974297099
1462405380865421313
1462405380814737414
1462405380667965446
1462405380659716098
1462405380609302532
1462405380332478468
1462405380038868997
1462405379841839104
1462405379036520449
1462405378663084035
1462405377333542912
1462405376951963656
1462405376712794114
1462405376511463428
1462405375676846081
1462405375655919619
1462405375622361089
1462405375513317380
1462405375265841163
1462405374330511366
1462405374259220480
1462405373621637122
1462405373491650570
1462405372921139202
1462405372447461384
1462405372229165061
1462405371985686532
1462405371939770368
1462405370660466693
1462405370631147525
1462405370173919240
1462405370073264132
1462405369695592450
1462405369356066816
1462405368701726722
1462405368475262977
1462405368336850951
1462405367866937344
1462405367779016706
1462405367758045194
1462405367741267970
1462405367334256641
1462405367325986823
1462405367288283138
1462405367162359812
1462405367015833607
1462405366986199045
1462405366973620229
1462405366931759112
1462405366931668996
1462405366717857795
1462405366101299205
1462405365979484166
1462405364897304577
1462405364289359874
1462405364251611136
1462405363815301129
1462405363534385152
1462405363207217163
1462405362775117831
1462405362611539975
1462405362557014021
1462405362183720962
1462405361697112065
1462405361630023690
1462405361042968576
1462405360480919556
1462405360426303489
1462405360040517642
1462405359910465539
1462405359725907971
1462405359688114179
1462405359281266696
1462405359235178497
1462405359105196032
1462405359000121350
1462405358203256833
1462405357247029256
1462405356731121665
1462405356089487364
1462405355846004739
1462405355707805704
1462405355028336648
1462405354956881921
1462420527700709377
1462420526626922498
1462420526463336451
1462420526274646022
1462420525846777865
1462420525779668993
1462420525750398976
1462420525729337350
1462420525632741377
1462420525226119175
1462420524815032322
1462420524445974531
1462420524366237700
1462420524089364487
1462420523955245061
1462420523925880845
1462420523342778380
1462420522793381894
1462420522323660804
1462420522311241729
1462420521967104004
1462420521921007616
1462420521799143432
1462420521774112770
1462420521707085827
1462420521019224067
1462420520947920897
1462420520234729475
1462420520096436228
1462420519525961728
1462420519433682953
1462420518892490760
1462420518318055427
1462420518087266306
1462420517684752397
1462420517466656775
1462420517009428482
1462420516824825860
1462420516543864840
1462420516329955330
1462420516057214982
1462420515742789638
1462420515692298242
1462420515516293122
1462420515503620099
1462420515163889671
1462420515151220742
1462420514849370113
1462420514799071236
1462420514417348612
1462420514413203456
1462420513855361026
1462420513750491137
1462420513733677059
1462420513385598980
1462420513339457536
1462420513033273350
1462420512894820353
1462420512567701510
1462420512433442816
1462420512320245763
1462420512047448071
1462420511858864137
1462420511493918721
1462420511166799881
1462420511158378503
1462420510839648258
1462420510617354247
1462420510130663425
1462420510118133772
1462420509719601152
1462420509635891206
1462420509480689666
1462420509262499843
1462420509031817220
1462420508721369094
1462420508671021060
1462420508369166338
1462420507656171520
1462420506993381379
1462420506947293187
1462420506871693313
1462420506125213705
1462420505252663297
1462420504732704776
1462420504552353798
1462420504137117697
1462420503805706244
1462420503487033356
1462420502358544388
1462420502102880256
1462420501830135811
1462420501578481674
1462420501498847241
1462420501108867076
1462420499875696646
1462420499359797253
1462420499271725059
1462420498730606593
1462420498139262979
1462420497682112529
1462420497363357698
1462420496675450887
1462420496558006272
1462420496117600259
1462420495999987723
1462420495349927938
1462420495295553542
1462420494985183236
1462420494934810626
1462420494532161541
1462420493827457024
1462420493609353231
1462420492766396421
1462420492409839626
1462420492124569601
1462420492091076611
1462420492049129475
1462420491835162628
1462420491616997385
1462420491164028936
1462420490153304071
1462420490061062158
1462420489746399243
1462420489586888709
1462420489159254025
1462420489092014083
1462420487120863239
1462420486554591237
1462420486458163201
1462420486294548480
1462420486269378575
1462420486218993666
1462420485950611458
1462420485707378695
1462420485195587587
1462420484801417219
1462420484503580678
1462420484298002435
1462420484218359817
1462420483975090183
1462420483849302019
1462420483622817792
1462420483312435208
1462420483194818562
1462420483056537609
1462420481747922948
1462420481643008007
1462420480216866817
1462420479679942658
1462420479638224898
1462420479176761346
1462420479092871177
1462420478723870725
1462420478715473922
1462420478438645765
1462420478207873026
1462420477989859335
1462420477922754569
1462420477629153285
1462420477553651719
1462420477234716685
1462420477209632768
1462420477071269899
1462420476848975872
1462420476785934342
1462420476777705474
1462420476425351169
1462420476232404993
1462420474563018754
1462420474294685696
1462420474286202882
1462420473044627457
1462420472998637573
1462420472893685761
1462420472822390784
1462420472675680257
1462420472448966662
1462420472214085640
1462420471819948046
1462420470641434628
1462420470582726665
1462420470226161671
1462420469852815361
1462420468544286721
1462420468351348739
1462420468263174145
1462420467726184454
1462420467323707393
1462420467315318787
1462420467038527496
1462420466967236610
1462420466677727242
1462420466400911365
1462420466329604099
1462420466119757824
1462420465885257729
1462420465620824065
1462420465398554627
1462420465243373578
1462435627262169101
1462435627052400641
1462435626150678528
1462435626033242115
1462435625915797510
1462435625810862080
1462435625731301386
1462435625555091467
1462435625399951360
1462435625064271872
1462435624846344193
1462435624607227907
1462435624510763023
1462435624175161361
1462435623680282626
1462435623634149382
1462435622946320393
1462435622703009798
1462435622640140290
1462435622140923910
1462435621339762692
1462435620739969024
1462435620706562049
1462435620639309834
1462435620333125635
1462435620043821059
1462435619796258818
1462435618592641030
1462435617699241984
1462435617682464770
1462435617611079687
1462435617279778828
1462435616650670081
1462435616210276364
1462435615706914818
1462435614956077066
1462435614440177670
1462435614339567621
1462435613655764995
1462435613068591110
1462435612879773702
1462435611910889473
1462435611378438148
1462435611323908106
1462435611273478147
1462435611130875904
1462435610916966405
1462435610766069762
1462435610577285135
1462435609771970568
1462435609729974280
1462435608731787266
1462435608656109581
1462435608153010178
1462435606403899397
1462435606194274319
1462435606097764352
1462435605946634244
1462435605917442052
1462435605737054221
1462435605669810176
1462435605225213956
1462435605221101569
1462435604873068555
1462435604860391435
1462435604793278471
1462435604579459073
1462435604361359360
1462435604348776456
1462435604197687306
1462435603870539776
1462435603866431498
1462435603828678656
1462435603581218822
1462435603484663808
1462435602637406217
1462435602499096588
1462435601890922503
1462435601383235584
1462435601064632320
1462435601052061697
1462435600951250959
1462435600859115527
1462435600313761809
1462435600296992772
1462435599974023182
1462435599927762955
1462435599768428544
1462435599193935887
1462435599109869573
1462435598979981319
1462435598648713226
1462435598329810948
1462435598275424258
1462435597826600960
1462435597390266368
1462435595888861184
1462435595419107330
1462435595398131713
1462435595075080202
1462435594823520261
1462435593611137027
1462435593334493191
1462435592831184900
1462435592369844231
1462435592290115584
1462435592155930633
1462435591895887876
1462435591849578508
1462435591656722441
1462435591589666816
1462435590742233097
1462435590276800512
1462435589668708359
1462435589609832451
1462435588825567240
1462435588745818113
1462435588473339905
1462435588255145987
1462435587928076290
1462435587881943040
1462435587638636546
1462435587261095942
1462435586954911754
1462435586732662787
1462435586447343625
1462435586342625288
1462435586124312578
1462435586007048204
1462435585847615498
1462435585650536455
1462435585612599297
1462435585554104322
1462435585335848967
1462435585096777733
1462435584429989890
1462435584408961029
1462435583322734599
1462435582823395329
1462435582672572425
1462435581942710278
1462435581665886213
1462435581447872514
1462435581040988169
1462435580554457095
1462435580344774662
1462435580021809156
1462435578973245441
1462435578830598153
1462435577903689734
1462435577815523330
1462435577551273988
1462435577299673091
1462435577068937225
1462435576771227650
1462435576276307981
1462435575558934536
1462435575407988738
1462435575059959825
1462435575030599684
1462435574791344132
1462435574619455489
1462435573604528143
1462435573310935048
1462435572778258436
1462435571897356288
1462435571675148298
1462435571285045251
1462435571050110980
1462435570790064133
1462435570655846414
1462435570521718785
1462435570429440003
1462435570425212943
1462435570412449800
1462435570110586884
1462435569921937421
1462435569863168001
1462435569846398980
1462435569326333953
1462435569271771144
1462435569032699908
1462435568315514880
1462435567698956288
1462435567690518534
1462435567430426630
1462435566692319240
1462435566461534213
1462435566423846915
1462435565706485766
1462435565249474564
1462435565186473989
1462435564934905856
1462435564930711557
1462435564871983104
1462435564544835589
1462435564402184196
1462435564133699590
1462435564028932099
1462435563907293187
1462450726970482689
1462450726278352896
1462450726219694085
1462450725871669249
1462450724785340416
1462450724348981250
1462450723778699270
1462450723732426772
1462450723699019778
1462450723464040448
1462450723455705099
1462450722662932486
1462450722117668870
1462450721958371335
1462450721702481935
1462450721526267905
1462450721492721667
1462450721475813376
1462450721073381381
1462450721056608269
1462450720888827911
1462450720100261898
1462450720033189888
1462450719286599680
1462450719118745617
1462450717965254660
1462450717478858758
1462450717139120136
1462450716786765826
1462450716719685634
1462450716644200457
1462450716455358477
1462450716400836619
1462450715901759489
1462450715843076100
1462450715121668097
1462450714576314379
1462450714370740225
1462450714370736130
1462450714156937225
1462450713854988296
1462450713355771908
1462450713271930890
1462450713271799810
1462450712693153792
1462450712567328772
1462450711992619016
1462450711145369607
1462450710759366657
1462450710482767873
1462450710004441088
1462450709912244228
1462450709543202818
1462450708364546060
1462450708268126209
1462450707991252997
1462450707966091265
1462450707420831747
1462450706288414721
1462450705747251207
1462450705365671938
1462450704723939332
1462450704673431553
1462450704208039936
1462450703931162628
1462450703599869958
1462450703486668801
1462450703134343171
1462450703113326594
1462450702748471312
1462450702723211265
1462450701838295044
1462450701334978562
1462450701167214599
1462450701045583872
1462450699984195586
1462450699967549441
1462450699812450312
1462450699766140928
1462450699405385730
1462450699179106304
1462450699116101633
1462450698558353409
1462450697815928835
1462450697690136582
1462450697522274307
1462450697513828363
1462450697350307840
1462450697165627399
1462450696465391623
1462450695697747974
1462450694817001475
1462450694686789633
1462450694661750789
1462450694519238658
1462450694481395713
1462450694137552904
1462450693617467394
1462450693470568449
1462450692610789378
1462450692535291906
1462450692292071432
1462450691771932682
1462450691562164237
1462450691105042433
1462450690849079297
1462450690429751298
1462450689666289664
1462450689444126725
1462450688584204293
1462450688441602048
1462450688374366211
1462450688257146880
1462450688236085252
1462450687665532932
1462450687510466568
1462450686910599169
1462450686621274126
1462450686356955144
1462450686008963072
1462450685966835717
1462450685434384401
1462450685211987968
1462450685207789574
1462450685102985224
1462450684645842949
1462450684641558529
1462450684482113542
1462450684054458376
1462450683546939399
1462450683353960451
1462450683001593874
1462450682909405191
1462450682158592003
1462450682104107011
1462450681265233929
1462450681072259075
1462450680971464704
1462450680925462528
1462450680338210826
1462450679717539848
1462450678178136071
1462450678127865861
1462450678127865856
1462450677813334018
1462450677536505862
1462450676261347332
1462450676194324491
1462450675921661955
1462450675552509959
1462450674948468740
1462450674747293704
1462450673920872454
1462450673585307654
1462450672939397124
1462450672834695172
1462450672348057607
1462450672180338692
1462450671815475201
1462450671404335109
1462450671219724288
1462450671115026436
1462450670917853187
1462450670880051204
1462450670716342272
1462450670087417869
1462450669772840964
1462450668946526208
1462450668611031044
1462450668602462212
1462450668548116493
1462450668413743106
1462450668363468808
1462450667864444935
1462450667587616770
1462450667461742597
1462450666912235520
1462450666350198785
1462450666169798664
1462450665825832961
1462450665796423681
1462450665616289798
1462450665612009486
1462450665565872134
1462450665507201035
1462450665255538689
1462450665159073797
1462450665062637570
1462450664852885507
1462450664840347655
1462450663762366464
1462450663447830528
1462450663384928260
1462450662831112195
1462450662629912576
1462450662504112136
1462450662210420738
1462450661774311433
1462450661472161798
1462450661253996549
1462465825563156486
1462465825202397188
1462465825034715139
1462465825026174977
1462465824900407297
1462465823931613197
1462465823591878658
1462465823453458433
1462465823067496448
1462465823050801154
1462465823017246725
1462465822815830020
1462465822711062532
1462465822509584387
1462465822371336206
1462465822279061505
1462465821972713473
1462465821733621762
1462465821167476737
1462465821075144706
1462465819871522827
1462465819582124040
1462465819464638469
1462465818957074438
1462465818697027589
1462465818625818631
1462465818357207045
1462465818332123142
1462465818256715780
1462465817971412992
1462465817887617036
1462465817774211079
1462465817363333120
1462465816360849409
1462465816000094208
1462465815811436552
1462465815765258250
1462465815614300162
1462465815429754888
1462465815127621633
1462465814544715779
1462465814385278978
1462465814293094408
1462465814217506819
1462465814209175552
1462465814041280513
1462465813689077765
1462465813068365829
1462465812787347464
1462465812162351109
1462465811524763651
1462465811491213323
1462465811428294674
1462465811063390216
1462465810576945162
1462465810325118983
1462465810312699905
1462465810035843073
1462465810006372352
1462465809645805574
1462465809574363141
1462465808995524608
1462465808970530822
1462465808685174786
1462465808605536258
1462465808584495106
1462465808098074626
1462465808060272642
1462465807854682116
1462465806923669515
1462465806755897346
1462465806214701064
1462465806013546508
1462465805967368194
1462465805774462985
1462465805652738058
1462465805573050384
1462465805451345920
1462465805191467012
1462465805061398535
1462465804809682948
1462465804469948425
1462465804226772999
1462465803832471562
1462465803807342597
1462465803660394496
1462465803471757317
1462465803224326148
1462465803203317764
1462465802720919555
1462465802699956231
1462465802481848326
1462465802247020550
1462465801756319750
1462465801689128960
1462465801341095937
1462465800992927747
1462465800833482758
1462465800720187395
1462465799294275586
1462465798459600898
1462465798404988935
1462465798312706049
1462465797419253763
1462465797352267781
1462465797046079492
1462465796257591303
1462465796110798854
1462465795657773061
1462465795544555524
1462465795485622272
1462465795326283777
1462465794915381257
1462465794131038209
1462465794034462729
1462465793900388355
1462465793690636292
1462465793489358859
1462465793346748423
1462465793271091201
1462465792952483850
1462465792814071814
1462465792759451650
1462465792704929796
1462465792658878471
1462465792449077250
1462465792264400897
1462465791929077766
1462465791698386947
1462465791693967369
1462465790716911619
1462465790196736014
1462465789831917571
1462465789810950149
1462465789655670790
1462465789584461826
1462465789001441292
1462465788611342338
1462465788569341964
1462465788456013828
1462465788296769539
1462465787671814149
1462465787353083911
1462465787172642818
1462465785859825673
1462465785687941122
1462465785524375559
1462465785302036483
1462465785297788929
1462465784769224708
1462465784605724673
1462465784551202822
1462465784488378373
1462465784320606216
1462465783863328778
1462465783695654917
1462465783594901510
1462465783368454150
1462465783083110402
1462465783070707715
1462465782953259011
1462465782840016909
1462465782672248834
1462465782504374274
1462465782361825285
1462465782022090762
1462465781938147331
1462465781824897030
1462465781707464706
1462465781699125252
1462465781510381568
1462465780826705931
1462465780596056079
1462465780293857280
1462465779891417095
1462465779593580554
1462465778842841095
1462465778792472581
1462465778754727949
1462465778591096844
1462465778519842816
1462465777991303168
1462465777441853442
1462465777123020803
1462465776321851392
1462465776049393665
1462465775998963712
1462465775936151564
1462465775667658765
1462465775650971653
1462465775453757440
1462465774740807683
1462465774568849415
1462465774539493384
1462465774501695493
1462465774442856450
1462465774308712458
1462465774120062988
1462465773356654594
1462465772798853121
1462480925732839437
1462480925644578827
1462480925502152710
1462480925502021633
1462480925414068225
1462480925082763267
1462480923593748488
1462480923434397696
1462480923425914885
1462480923291787264
1462480922977214479
1462480922725339139
1462480922641633280
1462480922608025602
1462480922599641098
1462480922553503749
1462480922406572036
1462480922087936004
1462480921689395203
1462480921668603908
1462480921605464064
1462480921421037575
1462480921379098630
1462480920863293455
1462480920536039433
1462480920393490436
1462480920351367168
1462480920179576833
1462480919911096322
1462480919630077964
1462480919009402880
1462480918535311360
1462480918325587972
1462480918245957635
1462480917973319683
1462480917713362949
1462480917428158471
1462480917361053706
1462480916807393285
1462480916794642434
1462480916341673990
1462480915943333893
1462480915393822730
1462480915276480512
1462480914013990925
1462480913271504896
1462480912063496196
1462480911841304587
1462480910838730753
1462480910830473223
1462480909634994177
1462480909630857222
1462480909593104391
1462480909312081926
1462480908905287690
1462480908875751429
1462480908427087883
1462480908024356864
1462480907873308672
1462480907600863232
1462480907369996289
1462480905734340614
1462480905730093057
1462480905449189378
1462480905352712194
1462480905273024513
1462480904169869316
1462480904081887235
1462480903796576258
1462480903238668289
1462480902945222660
1462480902815158277
1462480902508924937
1462480901980491785
1462480901871337478
1462480901686845450
1462480900952834050
1462480900629934083
1462480900231512069
1462480900118265861
1462480899493216260
1462480899086426125
1462480898004340739
1462480897798717442
1462480897505169414
1462480897178062859
1462480897165385733
1462480897035448321
1462480896230150152
1462480895609294849
1462480895374508032
1462480894787268611
1462480894631895044
1462480893797355520
1462480893629677571
1462480893323497477
1462480893273165829
1462480893201813504
1462480892786524163
1462480892778229764
1462480892006473731
1462480891926794240
1462480891910012930
1462480891431763979
1462480891314376715
1462480891171778572
1462480890991362054
1462480890563596310
1462480890295169026
1462480890278203392
1462480890215518208
1462480889997402112
1462480889225658370
1462480889204514822
1462480889066278916
1462480888600698882
1462480888202207235
1462480888147681284
1462480887694647305
1462480887350714374
1462480887090540548
1462480886411243524
1462480885840695298
1462480885773750276
1462480885366902786
1462480885152890886
1462480885056483328
1462480884762775552
1462480884746133516
1462480884720816140
1462480884645433354
1462480884557398017
1462480884314128384
1462480882418257929
1462480882200100877
1462480882170830855
1462480880513945602
1462480880316862470
1462480879880527875
1462480879767506947
1462480879662649348
1462480879314472962
1462480879306088449
1462480878974689286
1462480878517592077
1462480877942886404
1462480877754146822
1462480877720592391
1462480877590622214
1462480877552820230
1462480876747513872
1462480876625924110
1462480876466491400
1462480876349149194
1462480876227420165
1462480876147724293
1462480876131041282
1462480875694825479
1462480875602411522
1462480875136827395
1462480875132698631
1462480875099246598
1462480874889519112
1462480874276933634
1462480874272870402
1462480873656406016
1462480873484337154
1462480873220198400
1462480872964296705
1462480872884645889
1462480872150650886
1462480872049831938
1462480871739506689
1462480871127199744
1462480870959464461
1462480870560845828
1462480870481215504
1462480870258917383
1462480870078513152
1462480869889769472
1462480869692780545
1462480869508231174
1462480869126463498
1462480868459655171
1462480868417679375
1462480867968929795
1462480867465605133
1462480867037794309
1462480867012616198
1462480866056282118
1462480866010148877
1462480865590751239
1462480865552846855
1462480865527746563
1462480865401970689
1462480865204879362
1462480865158696964
1462480864705761283
1462480864462393353
1462480863736774661
1462496025134841856
1462496024694431746
1462496024208068611
1462496023910227972
1462496023536877569
1462496023440461824
1462496023302094850
1462496022584872960
1462496022396125189
1462496022136041487
1462496021909487618
1462496021364326404
1462496020462514182
1462496020399628289
1462496019439104005
1462496018440671233
1462496018197630976
1462496017840967681
1462496017375547396
1462496017300008968
1462496016234655753
1462496016209379329
1462496016200912902
1462496015714422787
1462496015534239745
1462496014955335683
1462496014724739075
1462496014334521351
1462496014024257536
1462496013210509330
1462496012560384000
1462496012531077126
1462496010765176832
1462496010329104386
1462496010236801026
1462496009775427588
1462496009511182336
1462496008752017410
1462496008630321157
1462496008336822273
1462496007837597697
1462496007820877830
1462496007669825536
1462496007489531905
1462496007489474572
1462496007002877953
1462496006994493443
1462496006814191619
1462496006080188420
1462496005882925058
1462496005551640578
1462496005341986831
1462496004373110793
1462496003655966722
1462496003580469254
1462496002917560321
1462496002800238593
1462496002259173381
1462496001680420866
1462496001466544129
1462496001466503183
1462496001156173832
1462496000841506823
1462496000430460930
1462496000396902401
1462496000199704579
1462495999948169220
1462495999935586314
1462495998769573901
1462495998266257409
1462495997683281922
1462495997444112391
1462495997364510723
1462495997183991808
1462495996886220802
1462495996831748103
1462495996810780679
1462495996513038339
1462495996257005569
1462495995506397188
1462495994785026054
1462495994248155141
1462495993824530436
1462495993455390726
1462495992494895108
1462495992276791296
1462495992163545094
1462495992079523844
1462495991538626573
1462495991404417033
1462495991400218634
1462495991215661060
1462495991207243784
1462495990968115206
1462495990804627473
1462495990066434048
1462495989122621444
1462495989110120449
1462495988803948553
1462495988648747012
1462495988598427650
1462495988061515778
1462495987818192909
1462495987235270663
1462495987218493443
1462495987214213127
1462495987151294464
1462495987079991306
1462495986568232962
1462495986341793795
1462495986006245388
1462495985481965575
1462495984852815876
1462495984848572417
1462495984769028104
1462495984718471170
1462495984714452992
1462495984349585411
1462495984144068612
1462495983980318721
1462495983879831556
1462495983489667073
1462495983393284100
1462495983342866432
1462495982931828748
1462495982164357123
1462495981832974342
1462495981241524226
1462495981027696650
1462495981002534915
1462495979794534407
1462495979450609676
1462495979173658626
1462495978284478464
1462495977840025602
1462495977273708551
1462495977194110986
1462495977189875714
1462495977068191753
1462495976619487236
1462495976388759553
1462495976137101314
1462495975885451266
1462495975637987331
1462495975121899520
1462495975101149189
1462495974891347972
1462495974438445061
1462495974241320962
1462495973981233159
1462495973972795399
1462495973846839297
1462495973826043906
1462495973784051724
1462495973368897539
1462495973280731140
1462495973251424268
1462495973167362055
1462495972894904321
1462495972257411073
1462495971519057923
1462495971305218049
1462495971301113867
1462495971103838214
1462495971045220354
1462495971019997189
1462495970718060556
1462495970613149701
1462495969988198418
1462495969962967045
1462495969644359681
1462495969468203008
1462495969451425803
1462495969392668678
1462495969325551635
1462495969317167104
1462495969056935939
1462495968927100936
1462495968780300288
1462495968289513479
1462495968172122113
1462495968083984393
1462495967865970692
1462495967496839172
1462495967400370177
1462495967060574211
1462495966892863500
1462495966481813517
1462495966305689608
1462495966267858948
1462495965944897542
1462495965940752384
1462495965798096901
1462495965781364745
1462495965701627907
1462495965512822786
1462495965143785472
1462495964971905024
1462495964778881030
1462495964573450241
1462511124746842121
1462511124553748482
1462511124444766215
1462511123790327808
1462511123001970702
1462511122938953729
1462511122288939019
1462511121877843980
1462511121835999235
1462511121810833418
1462511121676517381
1462511121462706179
1462511121412284417
1462511121395593224
1462511121332686858
1462511120963547138
1462511120812593155
1462511120418164737
1462511120342781960
1462511120002916353
1462511119436861449
1462511119243825155
1462511119243743232
1462511119214333955
1462511118707011592
1462511118082056208
1462511117725483017
1462511117339709452
1462511117171843073
1462511116765081603
1462511116165300232
1462511115984904196
1462511115842330624
1462511115607367680
1462511115334656001
1462511114927886341
1462511114386911237
1462511113950617601
1462511113761959939
1462511113434714112
1462511113128452096
1462511112843313153
1462511112637726723
1462511112621015040
1462511112482660361
1462511111920619520
1462511111891210247
1462511110414905344
1462511110213492736
1462511109534097409
1462511109450223616
1462511109399797768
1462511108477046788
1462511108368084997
1462511108233646089
1462511107470508041
1462511107365609475
1462511106950324230
1462511106929405962
1462511106220560389
1462511105977110530
1462511105755033610
1462511105561878529
1462511104840581123
1462511104534491136
1462511104362520591
1462511104308006915
1462511104177881088
1462511104081502211
1462511103737540614
1462511103443877889
1462511103066316803
1462511102315556866
1462511102290501642
1462511101476753411
1462511100621111296
1462511100554010629
1462511100503773189
1462511100273082370
1462511099534880775
1462511099232886788
1462511098947674119
1462511098905743374
1462511098549133318
1462511098414907398
1462511098276442114
1462511097206951938
1462511096368025604
1462511095961161730
1462511095537709066
1462511095239823363
1462511095185350670
1462511095004991504
1462511094774255623
1462511094665293825
1462511094543568897
1462511093339901960
1462511092459089933
1462511092379238403
1462511092144369667
1462511092119257089
1462511091905282049
1462511091351699457
1462511090429054985
1462511090181541902
1462511089313320963
1462511089116237833
1462511089112043528
1462511089044713472
1462511088403030018
1462511088302530563
1462511087711133701
1462511087195234306
1462511087115542532
1462511086964551680
1462511086675144712
1462511086624776197
1462511086549225475
1462511086339608584
1462511086272397314
1462511085471236098
1462511085462994952
1462511085097996293
1462511084980645893
1462511084959588355
1462511084682756097
1462511084464660481
1462511084322045958
1462511083776790529
1462511083311218691
1462511082732503049
1462511082648440833
1462511082141016072
1462511081604231169
1462511081415454730
1462511081381842947
1462511081113464832
1462511080568201219
1462511079938953218
1462511079708192774
1462511079590965251
1462511079460855818
1462511079267913749
1462511079251189772
1462511078345170944
1462511077904855047
1462511077711826944
1462511077539856392
1462511077275668486
1462511077045018630
1462511076751282185
1462511076126375938
1462511075790757892
1462511075711238145
1462511075379793927
1462511073203048457
1462511073022681089
1462511072863207427
1462511072846430217
1462511072745865230
1462511072477421573
1462511071764353029
1462511071554674689
1462511071089119236
1462511070921347073
1462511070623502339
1462511069595897860
1462511069507637252
1462511069079998464
1462511068119457792
1462511067926568960
1462511067322630146
1462511067003858952
1462511066882187268
1462511066857017346
1462511066727043074
1462511066676711424
1462511065913249796
1462511065502257153
1462511065409806338
1462511065200148484
1462511064986312713
1462511064856379406
1462511064214614019
1462511063937789952
1462511063128285189
1462511063014985731
1462511062889152512
1462511062549508104
1462511062339796997
1462511062234841093
1462511062146863115
1462511061823737858
1462511061689458691
1462511061224067073
1462511060490018818
1462511060041318402
1462511059923783680
1462511058850045953
1462511058111934481
1462526224417361923
1462526224249798656
1462526224002007040
1462526222412439552
1462526222282358787
1462526221980291076
1462526221913309190
1462526221821124619
1462526221531721734
1462526219870687252
1462526219837136896
1462526219195408391
1462526218826403857
1462526218260127756
1462526217932849155
1462526217610047494
1462526216771149826
1462526216624295942
1462526216272027650
1462526216217325568
1462526215760265224
1462526215655510027
1462526215584108549
1462526215529676810
1462526215223332869
1462526214783090694
1462526214292320276
1462526213919055872
1462526213738663951
1462526213168283658
1462526212925014019
1462526212148969489
1462526211939356684
1462526211817721856
1462526211653914628
1462526211490553866
1462526210785771521
1462526210483830788
1462526210462957572
1462526210026655748
1462526209955274755
1462526209674207233
1462526209611513862
1462526209217212421
1462526209175298055
1462526209066213382
1462526208957202435
1462526208848146433
1462526208416100369
1462526208277688322
1462526208214806534
1462526208109858817
1462526207673745417
1462526207044501518
1462526207040405514
1462526206914576386
1462526206469808138
1462526206176280580
1462526205886795776
1462526205182291981
1462526205152878595
1462526205119238145
1462526204859330572
1462526204691505154
1462526204376981517
1462526204263616512
1462526203542351878
1462526203093475328
1462526202946764804
1462526202946719746
1462526202590208010
1462526202044952585
1462526201445056512
1462526201139011600
1462526201063350277
1462526200803471371
1462526200606171136
1462526200476319747
1462526200212074500
1462526199268315147
1462526199134105606
1462526198844645388
1462526198412681219
1462526198148485131
1462526197854838798
1462526197590487042
1462526197284446211
1462526196684673038
1462526196617551880
1462526196432973824
1462526195459895296
1462526195451453445
1462526195308847106
1462526194969190400
1462526194902085633
1462526194876928002
1462526194822307846
1462526194348400644
1462526194327470098
1462526193899556864
1462526193584984080
1462526193467641860
1462526193228558336
1462526192926564367
1462526192548990986
1462526192528019462
1462526192192532481
1462526191873806340
1462526191852834821
1462526191412330506
1462526191349469201
1462526191290789890
1462526190699302918
1462526190514802697
1462526190510555136
1462526190439354379
1462526190401437697
1462526190347030541
1462526190292553731
1462526189730418700
1462526188602028036
1462526188283383816
1462526187704664067
1462526187591413781
1462526186207203338
1462526185917800452
1462526185695588360
1462526185435447303
1462526185330683908
1462526185045254144
1462526184361803779
1462526184298717187
1462526184277827596
1462526183975882756
1462526183518650370
1462526182985977862
1462526182839271430
1462526182818123776
1462526182453387265
1462526182247878663
1462526181912285192
1462526181509640196
1462526180842741764
1462526180431597571
1462526180414955522
1462526179852922881
1462526179781398529
1462526179634724868
1462526179580203015
1462526179383066639
1462526179315965960
1462526178519048202
1462526178108096514
1462526177634140163
1462526177554231300
1462526176795189250
1462526175545286666
1462526174857412611
1462526174756683782
1462526174714814466
1462526173997637632
1462526173695594497
1462526173645262851
1462526173183942659
1462526173024501766
1462526173016117254
1462526172630245383
1462526172303142921
1462526172265336838
1462526172080881664
1462526172059901955
1462526171942473730
1462526171673939981
1462526171657256960
1462526171388723201
1462526170956632065
1462526170285674502
1462526170101129221
1462526169580978192
1462526168784154632
1462526168565960720
1462526168096288773
1462526167613911048
1462526167555137538
1462526167508996096
1462526165911015429
1462526165722316802
1462526165604835336
1462526165508399109
1462526165353123843
1462526165344735246
1462526165302792192
1462526164237438980
1462526164208074760
1462526163654307844
1462526162240868354
1462526161129545738
1462526161020411912
1462526160919797774
1462526160571670533
1462541323773353985
1462541323639173122
1462541323550937091
1462541323387523072
1462541322934382595
1462541322850422786
1462541320992419850
1462541320698925058
1462541320262586375
1462541320166068230
1462541320119996421
1462541319474057217
1462541319314628610
1462541319050432514
1462541318610046983
1462541318274621441
1462541318018719744
1462541317565653000
1462541317385310219
1462541316995358728
1462541315594276866
1462541315254542338
1462541315225358339
1462541314977722370
1462541314730258435
1462541314721923074
1462541314495451138
1462541314042466310
1462541313686056972
1462541313073500171
1462541312930942981
1462541312838799365
1462541311643295746
1462541311425200133
1462541309646761985
1462541309198041088
1462541308795392005
1462541308644544514
1462541308602593282
1462541308044533768
1462541308007010304
1462541307834896387
1462541307667107847
1462541307599998982
1462541307138641921
1462541306870198281
1462541306790658048
1462541306488516608
1462541306421334021
1462541306350039041
1462541305569894400
1462541305469280260
1462541305230200840
1462541305125355520
1462541304919781378
1462541303611215872
1462541303594381314
1462541303560900611
1462541303514906631
1462541303003054085
1462541302898192385
1462541302004740112
1462541301660864512
1462541301581172749
1462541301421776905
1462541301333696512
1462541301304283136
1462541301149159424
1462541301052624897
1462541300981395459
1462541300566159369
1462541300377423872
1462541300306092037
1462541300100517897
1462541300033458181
1462541299634999299
1462541299374968834
1462541298620006406
1462541298326376453
1462541298225881089
1462541298217455616
1462541297885990917
1462541297869221891
1462541297596702728
1462541297516888069
1462541297399435273
1462541297235992581
1462541297206669315
1462541297164558336
1462541296237568006
1462541296233447432
1462541295172390913
1462541294291628043
1462541294144684034
1462541293339365376
1462541292068552708
1462541291749732356
1462541291745513477
1462541290143305734
1462541290097106951
1462541290013278214
1462541289782583298
1462541289375744001
1462541289019355138
1462541288339763203
1462541288159551503
1462541287828058117
1462541287614148612
1462541286708105224
1462541286464901120
1462541286435700744
1462541285919703042
1462541285886025729
1462541285873569796
1462541285663784960
1462541285202579458
1462541285093298181
1462541284837494785
1462541284682260483
1462541284418097155
1462541284216688640
1462541284120346631
1462541283310723075
1462541283256320003
1462541282857918464
1462541282132172806
1462541281935118337
1462541281658392580
1462541281176006657
1462541281087811585
1462541281054232589
1462541280274104320
1462541279913553923
1462541278718033932
1462541278713769984
1462541278638313478
1462541278516629504
1462541278369902599
1462541278034362374
1462541277262594057
1462541277224972296
1462541276822212620
1462541276285259783
1462541276012630017
1462541275656298509
1462541275215773706
1462541275115184130
1462541274184142848
1462541274104221697
1462541274049744898
1462541273899102208
1462541273701572612
1462541273319952388
1462541273181700098
1462541273147981825
1462541272871325701
1462541272434950148
1462541272258801668
1462541272212656129
1462541271914795010
1462541271902343174
1462541271780626434
1462541271596158980
1462541271562522625
1462541271092936708
1462541270585200642
1462541270547505166
1462541270446870532
1462541270304407558
1462541270216155139
1462541270207787008
1462541269708668932
1462541269616390153
1462541268718788616
1462541268316090370
1462541268010029059
1462541267536166919
1462541267477299205
1462541266969772032
1462541266626002945
1462541266391031808
1462541265539530761
1462541265300430855
1462541265157845003
1462541264440766465
1462541263924654089
1462541263794671618
1462541263660486666
1462541263308161026
1462541263199035399
1462541262712541188
1462541262611890176
1462541262595276801
1462541262393724934
1462541262372814848
1462541261995315207
1462541261626355713
1462541261160828929
1462541260032409606
1462541259063509000
1462556422928052226
1462556422697148421
1462556422433030148
1462556421913038855
1462556421271310343
1462556420726042627
1462556420411437063
1462556420247851008
1462556419958444035
1462556419790708736
1462556419299979265
1462556418511450141
1462556418205274119
1462556417504731139
1462556417504727042
1462556417202606084
1462556417131438082
1462556416728711168
1462556416221216770
1462556416162471936
1462556415218880518
1462556415206342657
1462556415201931264
1462556415155970053
1462556414937755651
1462556414891671552
1462556414849605633
1462556413356564484
1462556413134360584
1462556413134352384
1462556412819693568
1462556412526182406
1462556412454883330
1462556412387762177
1462556412085743616
1462556411989090304
1462556411917967369
1462556411661934593
1462556411292962818
1462556410932252672
1462556410882019335
1462556410286329865
1462556410261262336
1462556410231861250
1462556409850040326
1462556409824829441
1462556409611104270
1462556409430691841
1462556409397235714
1462556408612802568
1462556408436637701
1462556408159875072
1462556408134705166
1462556408008740868
1462556407115436033
1462556406532431877
1462556406243069962
1462556405404258313
1462556405160894470
1462556405005619205
1462556404955459587
1462556404678602763
1462556404464734214
1462556404129144834
1462556403680350214
1462556402778574856
1462556402619240450
1462556402539450369
1462556402086559744
1462556401767784456
1462556401268662278
1462556400928931844
1462556400857628689
1462556400568057859
1462556400526278670
1462556400392015874
1462556400182169600
1462556399901237248
1462556399569981440
1462556399154577410
1462556398856945666
1462556398420643844
1462556397028192258
1462556396432592906
1462556396373876742
1462556395618897929
1462556395258191876
1462556394398359553
1462556394104758278
1462556394058625025
1462556393945415682
1462556391332364288
1462556391181373442
1462556390199898124
1462556389956591619
1462556389876899845
1462556389839183872
1462556389616795652
1462556389390397451
1462556389046243330
1462556388983558150
1462556388446674946
1462556388262043650
1462556388245180416
1462556388039790594
1462556387863666696
1462556387490222081
1462556387033161729
1462556386982780932
1462556386538233856
1462556386521325568
1462556384663375878
1462556384625446913
1462556383241457675
1462556382587142148
1462556382293544967
1462556381769125888
1462556381744189442
1462556381710594061
1462556381626646530
1462556381454741510
1462556380783652867
1462556380611629063
1462556379248566274
1462556379177263109
1462556378845921287
1462556378753601540
1462556377025757185
1462556376299970566
1462556375331004418
1462556375322533888
1462556375263989763
1462556375066755077
1462556374081183747
1462556372403376134
1462556372202106882
1462556371493269521
1462556371342266375
1462556371329630214
1462556371212292096
1462556370755072001
1462556370490871810
1462556370398498833
1462556370365001737
1462556370327244801
1462556370205614080
1462556369886666757
1462556369601585165
1462556368615972869
1462556368586657797
1462556368443895820
1462556367953137665
1462556367764574213
1462556367592607748
1462556367017947140
1462556366975946754
1462556366946529282
1462556366581678088
1462556366049054722
1462556365784698881
1462556365616988160
1462556365470195721
1462556365377966094
1462556364937457666
1462556364585291778
1462556364312559627
1462556364153176067
1462556363943514114
1462556363939217409
1462556363675086854
1462556363482148867
1462556362735603712
1462556362693660680
1462556362626547714
1462556362077052932
1462556361938685952
1462556361791881228
1462556361640882177
1462556361267441667
1462556361200394241
1462556361154252800
1462556360583913483
1462556360508198914
1462556360290320389
1462556359493255169
1462556358830706692
1462556358612553730
1462556358549647360
1462556358369329155
1462556358344159236
1462556357652094982
1462556357165568001
1462556356871917577
1462556356783783938
1462556355395563526
1462556355248541700
1462556354732867588
1462556354187603968
1462556353969504267
1462556353856262147
1462571522506301445
1462571522254675968
1462571521675726854
1462571521591767043
1462571521570975747
1462571521512198152
1462571521403150337
1462571521134796800
1462571520652451849
1462571520253779972
1462571519968780290
1462571519478059009
1462571519012388866
1462571519012315157
1462571518823735299
1462571518723076097
1462571518634782723
1462571518336983040
1462571518022594569
1462571517200502785
1462571516844023809
1462571515954749441
1462571515287851012
1462571514209972226
1462571513341751300
1462571512905408515
1462571512532246529
1462571512205135877
1462571512058241029
1462571512049790979
1462571511798247436
1462571511290732547
1462571511060086786
1462571510934212609
1462571508157620225
1462571507612278788
1462571507461337100
1462571507205427210
1462571506828029952
1462571506672750602
1462571506660257804
1462571506354069504
1462571506224050179
1462571505976492036
1462571505578041350
1462571505062187011
1462571504856612864
1462571504734986245
1462571504600862723
1462571504038776833
1462571503497535495
1462571503468171268
1462571502625341441
1462571502537166852
1462571501648072709
1462571500578430979
1462571499689320448
1462571499089453063
1462571498670112768
1462571498493861895
1462571498451963905
1462571497596366851
1462571497441136652
1462571497139195907
1462571496837103616
1462571496799444992
1462571496547700740
1462571496371539972
1462571496208019462
1462571494408663042
1462571494379249670
1462571494056153088
1462571493653729285
1462571493305552902
1462571492583952388
1462571492282015747
1462571492156313609
1462571492152160258
1462571491296374787
1462571490453475329
1462571489501368323
1462571489220251652
1462571488914063368
1462571488326950916
1462571488146563073
1462571488037457924
1462571487651680259
1462571487596978180
1462571487194488836
1462571485910814727
1462571485860610048
1462571485814562822
1462571485546045444
1462571485411921923
1462571484799545344
1462571484510134273
1462571484426158085
1462571484199673861
1462571483893432322
1462571483805503493
1462571483788677124
1462571483415392263
1462571483272650758
1462571482903678979
1462571482769346563
1462571482572148739
1462571482228396033
1462571481972543492
1462571481947418632
1462571480949088261
1462571480416342017
1462571480168820742
1462571479820865537
1462571479640391683
1462571479141339136
1462571479078424576
1462571478994538502
1462571478126247937
1462571477006495750
1462571476578668547
1462571475710316544
1462571475647483905
1462571475421040640
1462571473923620870
1462571473483317250
1462571473265172487
1462571471751032839
1462571471700516864
1462571471180636163
1462571471180603397
1462571470471761930
1462571469448306697
1462571469406359552
1462571469230067713
1462571468596957191
1462571468148166662
1462571466663370761
1462571466642235392
1462571465732206600
1462571465342025732
1462571464947867650
1462571464486535177
1462571463697842177
1462571463458922500
1462571462854852612
1462571462192160773
1462571462091436033
1462571462045290501
1462571461948887047
1462571461818912777
1462571461734973441
1462571461554626562
1462571461529542656
1462571460866809857
1462571459809710083
1462571459700670467
1462571459625242625
1462571459239301120
1462571458979414017
1462571458635485188
1462571457742004225
1462571457683275787
1462571457561579520
1462571457502982154
1462571457242882050
1462571457205129220
1462571456404115461
1462571455464579074
1462571455271559168
1462571455045058567
1462571454617247744
1462571454411771911
1462571453644259333
1462571452096466945
1462571452004286465
1462571451827949568
1462571451815395334
1462571451479961611
1462571450095869954
1462571450079006723
1462571449537994763
1462571449500291079
1462571449361879040
1462571449336614916
1462571449319714819
1462571449173037059
1462571448824840192
1462571448623677442
1462571448623460359
1462571447755460611
1462571447671529481
1462571446069350409
1462571444861390849
1462571444546809857
1462571443041054730
1462571442810273797
1462571442315444229
1462571441631772684
1462571440830623749
1462571440654458881
