1462586621962948609
1462586621447094272
1462586621287665677
1462586620247429131
1462586620130037762
1462586619282788355
1462586619177816069
1462586618934607876
1462586618741760000
1462586618477527046
1462586618410242052
1462586618339069957
1462586618070642689
1462586617881899018
1462586617730904064
1462586617583976456
1462586617453965315
1462586616485138435
1462586616195784706
1462586615075786758
1462586614484328449
1462586613293326345
1462586611565223937
1462586611468845058
1462586611267522565
1462586611112169473
1462586610126569481
1462586609551958016
1462586609006784512
1462586608725622787
1462586608583159810
1462586608515911680
1462586605802115080
1462586605466800135
1462586604996939782
1462586604426608646
1462586603793178630
1462586603730255879
1462586603168321539
1462586603151544320
1462586603134541826
1462586602396569611
1462586602060877827
1462586601368924162
1462586600425144323
1462586600139886598
1462586600114720768
1462586599984750592
1462586599427002370
1462586599338872835
1462586599334551560
1462586598999175169
1462586598290116609
1462586598277541888
1462586597728305161
1462586597099069443
1462586596243296258
1462586595815550985
1462586595526287361
1462586595165540354
1462586594498465795
1462586594464985092
1462586592715894785
1462586592682340357
1462586592187486211
1462586591495569416
1462586590899933186
1462586590883024896
1462586590388183042
1462586588534390791
1462586588479860740
1462586588362416136
1462586587649347589
1462586587590496261
1462586586902769670
1462586586537893890
1462586585652899846
1462586584860086283
1462586584818233350
1462586584553836549
1462586584381853699
1462586584159633416
1462586583953993731
1462586583568117762
1462586582502985728
1462586582389645316
1462586581680750595
1462586581500547082
1462586580712013828
1462586580493901834
1462586580388962305
1462586580099637250
1462586579441131526
1462586578929438726
1462586577197035520
1462586574508490757
1462586574315696134
1462586573208252417
1462586573137096709
1462586573074145280
1462586572939923457
1462586572730216458
1462586572222697478
1462586572071657478
1462586571987853313
1462586570834251777
1462586570716893187
1462586569311678467
1462586568481423364
1462586567717916676
1462586566983835648
1462586566023516160
1462586565562150914
1462586565511761923
1462586565260046337
1462586564974944256
1462586564958031878
1462586564672901122
1462586564513517572
1462586563959816193
1462586563347554305
1462586563347431426
1462586562185736193
1462586562059849728
1462586560084275202
1462586560042340365
1462586559639789568
1462586557685239815
1462586557492203524
1462586557395836928
1462586555638374402
1462586555541958660
1462586555076210688
1462586554988302342
1462586554661150724
1462586554333941766
1462586554187145216
1462586553755127809
1462586553327308816
1462586553142755329
1462586553058877442
1462586552559755276
1462586551519649795
1462586551213309955
1462586550651428868
1462586550164725761
1462586549732732930
1462586548365451268
1462586548080324615
1462586548076089345
1462586547673391104
1462586547484594181
1462586547388092417
1462586547295952899
1462586547283193856
1462586546679214083
1462586546520047617
1462586546427777026
1462586545068646403
1462586545064624128
1462586544867450888
1462586542615060492
1462586542204010497
1462586541675589637
1462586541616910337
1462586541587451906
1462586541268733957
1462586540949917697
1462586540811456512
1462586540706742272
1462586540207624194
1462586540119531523
1462586539997757440
1462586539918036998
1462586539792240643
1462586539507167233
1462586538819215363
1462586538550771716
1462586537732886535
1462586537183379456
1462586537108025345
1462586536952745984
1462586535811952647
1462586535220551688
1462586534960549893
1462586534868271107
1462586534251663364
1462586533404413954
1462586532921962503
1462586532129230855
1462586531164610565
1462586530258509827
1462586529306578944
1462586529218543616
1462586527972683776
1462586527075155972
1462586526689218563
1462586524986454019
1462586524655046667
1462586523401035780
1462601721939591175
1462601721432080384
1462601721205575682
1462601721113456643
1462601720953913344
1462601720685547521
1462601720345812997
1462601720027127816
1462601719897014279
1462601717971701763
1462601716931588098
1462601716893814788
1462601716239503360
1462601716097036289
1462601714796744712
1462601714528395268
1462601714293485575
1462601713844641799
1462601712754118656
1462601712527577089
1462601712334786564
1462601712133455873
1462601711487315969
1462601711382667267
1462601711235698692
1462601709323272192
1462601708585070602
1462601708543131648
1462601708115304450
1462601707532210179
1462601707267899396
1462601707154776065
1462601706970173449
1462601706848587777
1462601705036533761
1462601704235540487
1462601704155795458
1462601703761616896
1462601703677734913
1462601701832146948
1462601700842385419
1462601700444110848
1462601700364242944
1462601700284456960
1462601699265323010
1462601699248328704
1462601698975825924
1462601698434711558
1462601698053083143
1462601697008697352
1462601696870375426
1462601696690032640
1462601696585011206
1462601696127995913
1462601696010387464
1462601695565955073
1462601694865346563
1462601694341214222
1462601693753978890
1462601693275770889
1462601692436840456
1462601692311171078
1462601691459637249
1462601690352398338
1462601690310496258
1462601690197069825
1462601690058674178
1462601690004267010
1462601689035427847
1462601686401253377
1462601686086828039
1462601685214367747
1462601684308398081
1462601683960307715
1462601683809157122
1462601683737923588
1462601683708653573
1462601683649839108
1462601683071086592
1462601682697609217
1462601681913401344
1462601681607213057
1462601681368145920
1462601680780816387
1462601680281903112
1462601680143499264
1462601680004997123
1462601679912812545
1462601679484841985
1462601678205730831
1462601677698002946
1462601677140377616
1462601676985044996
1462601676381118464
1462601675710021634
1462601675311570950
1462601674908835840
1462601674422378501
1462601674174963715
1462601673788956676
1462601672484483073
1462601671377395720
1462601670072930304
1462601669942915073
1462601669758251010
1462601667384430597
1462601667279568897
1462601666923008002
1462601666818195461
1462601666801328131
1462601666570723331
1462601666323271682
1462601664691675142
1462601664683134984
1462601664406245376
1462601663966060548
1462601663781425156
1462601663714246659
1462601663684956163
1462601663450165258
1462601663416610816
1462601663156346884
1462601662380613638
1462601661764055040
1462601661667545096
1462601661143306240
1462601661055131650
1462601660816052229
1462601660769914881
1462601660312657921
1462601660203778051
1462601659658518528
1462601657548623882
1462601657389355012
1462601657343168517
1462601656319815687
1462601655850082305
1462601654856032256
1462601653836734465
1462601653765476355
1462601653605990408
1462601653144768512
1462601653073235972
1462601652456861696
1462601652448468994
1462601652435828742
1462601650183491591
1462601649579380738
1462601649478844416
1462601649449586693
1462601648950362121
1462601648203776007
1462601647297859585
1462601646815514631
1462601646379343877
1462601645750206468
1462601645297070082
1462601645183934470
1462601644567195652
1462601642759667729
1462601642654806017
1462601642017181703
1462601640985432071
1462601640620478464
1462601640209530886
1462601639739678722
1462601639710265345
1462601639366332418
1462601639253139457
1462601639114645504
1462601638837772288
1462601638238171143
1462601637848043523
1462601637420322816
1462601636396904449
1462601636375711748
1462601636266876929
1462601636061368324
1462601636036198403
1462601635918540802
1462601635687895047
1462601634622566404
1462601634446512128
1462601634333212676
1462601634308141062
1462601633624330247
1462601633448091652
1462601633301364738
1462601633234403334
1462601632017956868
1462601631921369098
1462601631585865736
1462601630730260484
1462601630055120899
1462601629514018827
1462601629044121600
1462601628675149826
1462601628188659712
1462601628146618368
1462601627920179205
1462616821039837186
1462616820930600962
1462616820611883010
1462616820582604813
1462616820410634240
1462616820364496901
1462616820096159746
1462616819403931659
1462616819210981387
1462616818976268297
1462616818330259459
1462616817994719239
1462616817638293508
1462616816501485569
1462616816476319746
1462616816354611205
1462616815838789634
1462616815805235201
1462616814727438342
1462616813385170959
1462616813347475457
1462616812898635779
1462616811854307331
1462616811179028490
1462616810579283978
1462616810461696004
1462616809534894089
1462616809039749121
1462616809027166210
1462616808540852224
1462616807576068106
1462616807337041920
1462616807248838660
1462616806909218819
1462616806036750339
1462616805533532162
1462616805394960385
1462616804887609349
1462616804883369986
1462616804577079297
1462616804136734728
1462616803247484935
1462616802777829378
1462616802496856075
1462616802496847878
1462616802362490889
1462616802337378311
1462616801729290240
1462616801167265802
1462616800512942083
1462616800466776066
1462616800282112001
1462616799996899338
1462616799833296901
1462616799560699907
1462616798566649857
1462616797803393033
1462616796943601664
1462616796901507078
1462616796746371076
1462616795702042625
1462616795324592134
1462616794993020928
1462616794540167172
1462616794082861064
1462616793827135493
1462616792434626571
1462616791864299524
1462616791755239431
1462616790660489220
1462616790639394818
1462616788366237709
1462616787988606978
1462616787552546816
1462616787518849024
1462616787347030018
1462616786076114949
1462616786059288579
1462616784855515137
1462616784352137217
1462616784343748616
1462616784125763590
1462616783890915331
1462616783756668934
1462616783546949636
1462616783181860874
1462616782267723777
1462616781600829448
1462616781193891841
1462616781013585926
1462616780191371269
1462616779943985156
1462616779675652102
1462616779486752769
1462616776492175360
1462616776445988872
1462616774629810184
1462616773803577348
1462616773715496967
1462616773631619074
1462616772306210817
1462616771840540674
1462616771714686981
1462616770590695426
1462616769751916549
1462616769256996865
1462616768971636736
1462616768955002881
1462616768929742848
1462616767663161348
1462616767209955332
1462616764441939972
1462616763409965058
1462616763015827456
1462616762168524810
1462616761929547780
1462616761472221195
1462616760906043395
1462616759949795330
1462616759828160515
1462616759626702857
1462616758418767873
1462616758255177734
1462616757667975170
1462616757613518855
1462616757605060609
1462616756371922944
1462616756309037056
1462616755344453640
1462616755113631749
1462616753574322184
1462616752970350593
1462616752307769350
1462616751221485568
1462616751187939336
1462616749396922384
1462616749224849411
1462616749216387072
1462616748964782083
1462616748633513985
1462616747522023427
1462616747140272131
1462616746603560961
1462616746444177411
1462616746293022720
1462616745886244869
1462616745198473222
1462616745055645696
1462616744951001089
1462616744271491076
1462616743071916034
1462616742803378179
1462616742702854148
1462616742065180672
1462616741951979520
1462616741754949633
1462616740827856897
1462616739288522752
1462616739120775169
1462616737719934982
1462616737019539462
1462616736495251467
1462616736054788096
1462616735735894024
1462616735584960514
1462616735056478212
1462616734133743616
1462616734020554759
1462616733261336578
1462616733060005890
1462616732959395846
1462616732187561985
1462616731332091906
1462616731147333632
1462616730753138688
1462616730719727621
1462616730342092804
1462616728630931460
1462616727997452290
1462616726403649544
1462616726210818048
1462616726185545730
1462616724956606464
1462616724533092354
1462616724214190082
1462616723698245632
1462616723677401095
1462616723677319170
1462616723027382275
1462616722213675012
1462616722209488904
1462616721513234437
1462616721269960704
1462616720300855298
1462616719675912194
1462616719374098433
1462616719344607235
1462616718665265152
1462616718484787203
1462616718166081542
1462631920756346880
1462631920387436546
1462631920261599240
1462631920076947463
1462631918634164234
1462631918617255941
1462631917501693953
1462631916843245574
1462631916323184640
1462631916000055299
1462631916000010241
1462631914574016515
1462631913907109888
1462631913722687492
1462631913273708544
1462631913030438917
1462631911570948105
1462631910052532226
1462631909423558657
1462631909184393216
1462631908181827593
1462631908098162698
1462631907636613120
1462631907448008704
1462631907099770884
1462631906609086468
1462631906176950341
1462631905363316736
1462631904524451848
1462631904478326785
1462631904298033158
1462631904209870855
1462631903593480193
1462631903031226372
1462631903027245061
1462631902481948678
1462631902272102410
1462631902104330248
1462631901685075972
1462631901613608971
1462631901588594689
1462631900871376897
1462631900573536259
1462631899977900032
1462631899273125896
1462631898866348033
1462631898560274444
1462631898442653697
1462631897972940801
1462631897826148358
1462631897792716800
1462631897314385928
1462631896249106432
1462631895485743109
1462631894839967751
1462631894718160904
1462631894328254468
1462631893967556614
1462631893904494594
1462631893619421187
1462631893061406723
1462631892428095488
1462631890775465985
1462631890565931009
1462631890524020741
1462631890452729859
1462631889466888196
1462631888724496386
1462631888414195718
1462631888410099713
1462631888401711115
1462631887558647815
1462631886916837376
1462631886657044480
1462631886556221445
1462631885566197762
1462631884085776386
1462631883670495242
1462631883070529552
1462631882286252032
1462631881388658688
1462631880746946562
1462631878213521419
1462631877244825603
1462631877215326209
1462631877152550912
1462631876238131200
1462631875709706245
1462631875118354435
1462631875114115075
1462631874774413312
1462631872739954692
1462631870378782723
1462631869414060033
1462631868399034371
1462631868285820932
1462631867635867648
1462631867169927172
1462631866674999304
1462631866352160769
1462631866314502147
1462631866167480322
1462631865865670664
1462631865412579330
1462631865228087297
1462631864972288002
1462631862652874752
1462631861830791172
1462631861369380867
1462631860547117063
1462631860148736000
1462631859771383808
1462631859658104836
1462631859318411265
1462631859310014471
1462631858785554438
1462631857758031878
1462631855853752325
1462631855430123523
1462631853727248390
1462631852871761927
1462631852850745353
1462631852842184708
1462631851890147328
1462631851399565314
1462631850795544578
1462631850728464395
1462631850506166273
1462631850346782721
1462631850065600519
1462631850036236290
1462631849512116228
1462631848513708038
1462631848006324224
1462631846710321158
1462631845149822981
1462631844382396420
1462631844323553280
1462631844185358343
1462631843971403778
1462631843812065284
1462631843082080268
1462631843078057988
1462631842025246721
1462631840980811779
1462631839437398023
1462631838938185741
1462631838598373378
1462631838413897729
1462631838384594949
1462631837906309122
1462631837553938432
1462631836425797632
1462631835989643266
1462631835469447176
1462631835461062657
1462631834613948417
1462631833552793606
1462631832986558466
1462631831937847300
1462631831694557187
1462631831061155841
1462631830079909890
1462631829211516930
1462631828846690307
1462631827709988864
1462631827328413701
1462631826888048645
1462631826221006848
1462631825701015554
1462631825700962305
1462631825222815758
1462631825080152067
1462631824379858947
1462631824253980674
1462631824216186881
1462631823217938432
1462631822282604548
1462631821817131011
1462631821074747396
1462631820613210124
1462631820600614916
1462631820592300035
1462631820382646275
1462631819736543234
1462631819442941956
1462631819078156293
1462631818415378435
1462631818012803077
1462631817987645444
1462631816670687234
1462631815886237698
1462631815613722631
1462631815303282695
1462631815206813696
1462631814934065152
1462631814334402560
1462631812115709952
1462631811926790146
1462631811255881730
1462647019432910852
1462647019198042115
1462647018791129091
1462647017482588160
1462647016828329984
1462647015721123842
1462647015561703431
1462647014240497672
1462647013858762755
1462647013418360832
1462647013187665922
1462647012185149440
1462647010545315841
1462647010327105536
1462647009136058374
1462647005902213120
1462647004866039811
1462647004207751170
1462647003813318661
1462647003100319746
1462647003071004673
1462647002701996033
1462647001699348483
1462646999858122752
1462646998998392841
1462646998830657538
1462646998826369025
1462646998335643655
1462646998243418115
1462646998079873026
1462646997811404802
1462646997698109441
1462646997442248707
1462646997437988868
1462646997396049924
1462646996146147329
1462646995932250115
1462646995890417667
1462646995613405193
1462646995382792193
1462646995030577154
1462646994338463749
1462646994317443079
1462646994162405377
1462646994007175170
1462646991104602112
1462646990634774529
1462646988806270976
1462646987942027268
1462646987090644996
1462646987015208967
1462646986759450627
1462646986738262018
1462646986390179844
1462646986344071168
1462646985949806596
1462646985580707847
1462646984213348353
1462646984171417604
1462646983512842241
1462646983223439368
1462646982833541122
1462646981818527747
1462646981684350976
1462646981076172803
1462646980862042116
1462646980858064897
1462646980765696000
1462646980480438278
1462646980413325316
1462646979750727680
1462646979545079808
1462646979280867331
1462646976105914373
1462646976021995520
1462646975602606085
1462646975279472640
1462646974784622601
1462646974499356672
1462646974398742532
1462646973257895939
1462646972712570897
1462646971961946116
1462646971810795524
1462646969621532676
1462646968950222848
1462646967570341889
1462646967134265344
1462646966857338880
1462646966270181376
1462646964974067714
1462646964823236611
1462646961685860353
1462646961123823627
1462646960259747841
1462646959907299328
1462646958779162625
1462646958728884227
1462646958175264774
1462646957319593985
1462646957201969155
1462646956073779208
1462646955562176514
1462646955524468736
1462646954714927105
1462646954249359363
1462646954244988930
1462646954056429569
1462646952848412673
1462646952219357184
1462646950898118660
1462646950428172294
1462646949501452293
1462646948490399749
1462646947555291139
1462646946406047747
1462646946301034502
1462646946275880969
1462646944887554048
1462646944275173377
1462646943323246593
1462646942975025154
1462646942484344832
1462646942014472202
1462646940781334531
1462646940768747523
1462646939200245761
1462646938893893632
1462646937807638528
1462646937799184385
1462646937505644550
1462646935219703815
1462646934850748417
1462646934301073408
1462646934297059330
1462646934133485575
1462646932430589961
1462646931109335042
1462646930618691585
1462646928584458246
1462646927342784516
1462646927120605185
1462646924260085763
1462646923744006149
1462646923064537089
1462646922859069440
1462646922523525125
1462646922112602114
1462646921810616322
1462646921563197442
1462646920753688576
1462646920451477505
1462646920002736133
1462646917641428996
1462646917175861251
1462646917050126338
1462646916592939008
1462646916261371905
1462646915447799810
1462646915003154443
1462646914818748418
1462646914567057410
1462646913916940290
1462646913795244036
1462646913451372545
1462646913417707525
1462646913145135104
1462646912222470153
1462646911794434054
1462646911677001729
1462646911534522369
1462646911232471040
1462646910993395716
1462646910045593600
1462646909865127938
1462646908346896385
1462646907952631810
1462646907570954241
1462646906514026497
1462646905259933698
1462646905217953795
1462646905087868928
1462646903762477058
1462646903456165891
1462646902449709061
1462646901761724419
1462646900100935684
1462646899450826755
1462646898414833669
1462646898330898438
1462646898154618880
1462646897827463171
1462646897366102018
1462646896241963008
1462646896086839298
1462646895994716166
1462646895659008002
1462646895088529410
1462646893343870976
1462646893125640196
1462662115798528006
1462662115471159296
1462662115165184004
1462662113567162378
1462662113172860929
1462662113021681669
1462662112594083841
1462662112179003392
1462662110739984385
1462662109246869504
1462662108793872384
1462662108164747267
1462662106822627334
1462662106507976704
1462662106403467265
1462662106034044930
1462662106013044737
1462662105585242112
1462662105023188993
1462662104926670851
1462662104536829959
1462662104041725952
1462662103223865347
1462662102179532804
1462662102045368321
1462662100900356097
1462662100350758916
1462662100078120964
1462662098912174080
1462662097880428547
1462662097167286275
1462662094394847241
1462662093417553921
1462662091890909188
1462662090770898950
1462662090288627714
1462662090271989762
1462662089583955968
1462662089504350211
1462662088380362754
1462662088367620097
1462662088179044355
1462662087751176195
1462662087570690049
1462662087457472518
1462662086480183297
1462662084399796229
1462662084286722050
1462662083258957826
1462662082671878150
1462662082042675202
1462662081619103746
1462662081224884224
1462662080369156096
1462662079505043459
1462662079492591617
1462662079475761155
1462662079337410561
1462662078842372101
1462662078662012937
1462662078322266113
1462662077085007877
1462662075881246722
1462662075625271298
1462662075491106818
1462662075440713730
1462662074136367104
1462662073603670019
1462662073104539649
1462662073016467462
1462662072114692099
1462662072093843458
1462662071988854786
1462662070617399297
1462662069724008448
1462662069669482496
1462662069417697289
1462662069040267270
1462662068742598657
1462662067459006467
1462662067266236418
1462662067169767426
1462662066691624960
1462662066389585922
1462662065546481664
1462662064669970433
1462662064258703364
1462662062664945668
1462662060714700800
1462662060668448773
1462662060563697668
1462662060135772162
1462662059632463877
1462662058755837955
1462662058256830475
1462662058223104000
1462662057476587522
1462662057476575233
1462662056981655562
1462662054653796353
1462662052980445185
1462662052930105344
1462662052628119569
1462662051868774403
1462662051696885763
1462662051680059392
1462662051088715780
1462662051072024580
1462662050841247746
1462662050757365766
1462662050480545794
1462662049679515648
1462662048794488835
1462662048786128898
1462662047854850049
1462662047674470402
1462662047452352518
1462662047116656640
1462662046936223746
1462662046898663424
1462662046101561349
1462662045669609474
1462662044767952898
1462662044537147393
1462662044084322306
1462662042855391235
1462662042553225216
1462662042305900547
1462662040020033537
1462662039684489216
1462662039629971458
1462662038111481858
1462662037771890689
1462662036563935240
1462662035511066625
1462662034722590724
1462662034722590721
1462662034319761409
1462662034307235843
1462662034114318338
1462662034101714944
1462662034026373121
1462662033145483265
1462662031463665664
1462662030943346691
1462662030477774848
1462662030452617218
1462662030188597249
1462662029416796162
1462662029232201730
1462662029089689601
1462662028330352640
1462662028091351042
1462662027650887681
1462662027470688258
1462662027374063617
1462662027185250304
1462662026682011649
1462662026417823746
1462662026283548672
1462662024123465728
1462662024085876739
1462662023054041090
1462662022823395328
1462662021867089923
1462662020788994048
1462662020780552199
1462662020549918720
1462662020256440325
1462662019920789506
1462662019555995648
1462662018175954946
1462662017383288834
1462662016519348226
1462662016364167177
1462662014594338816
1462662013981581315
1462662013491064836
1462662012996050949
1462662012761112582
1462662011318325248
1462662010601185280
1462662010513117186
1462662009909096453
1462662009317695489
1462662009309204484
1462662009267404805
1462662009103826947
1462662008982028290
1462662008969437187
1462662008852078596
1462662008625577988
1462662008550014978
1462662007849725953
1462662007270825984
1462662006830419971
1462662006163402753
1462662005718847490
1462662005660082182
1462662005295353856
1462677217482350595
1462677217318682624
1462677217230663690
1462677216995774466
1462677216932761603
1462677216710381571
1462677216647598084
1462677215833993218
1462677214667759620
1462677214605029379
1462677214579900419
1462677213598388225
1462677213321568256
1462677213195743234
1462677213124472832
1462677212696514560
1462677212273025025
1462677211941683201
1462677210624630786
1462677209567481858
1462677209009692673
1462677208602980354
1462677207684456450
1462677207294398465
1462677206166036495
1462677206073679872
1462677205792829441
1462677205620862984
1462677205356462081
1462677204769329154
1462677204316344324
1462677204287037441
1462677202944749572
1462677202756009985
1462677201971679234
1462677201334247425
1462677200965144584
1462677200663158784
1462677200185004032
1462677200176566273
1462677199937540097
1462677199677394947
1462677199060799489
1462677198792450055
1462677198612090884
1462677198318575617
1462677198179950602
1462677197504737284
1462677197458743296
1462677196917514241
1462677195516751872
1462677194296029189
1462677193436405761
1462677193335656448
1462677192400424960
1462677192387743745
1462677192236843020
1462677192081616896
1462677191708209155
1462677190433144836
1462677190026346498
1462677189464371203
1462677188969381888
1462677188231245825
1462677188071903235
1462677187883061252
1462677187853791238
1462677187211841544
1462677186704457735
1462677186482094080
1462677186305953792
1462677186054344705
1462677186025041920
1462677184326295557
1462677184233967616
1462677183579799558
1462677183378247685
1462677183147687936
1462677183143591940
1462677182187114497
1462677182023704576
1462677181864239107
1462677180874375168
1462677180543078401
1462677179851063298
1462677179653758980
1462677179406458882
1462677178986942464
1462677177904742403
1462677176700968962
1462677176625426434
1462677176252354566
1462677176218648577
1462677175593836549
1462677174863994882
1462677174788542466
1462677173815308291
1462677173098086403
1462677171512791044
1462677170438893572
1462677170229112836
1462677168891121666
1462677168761225218
1462677168190803968
1462677167620313089
1462677167330967553
1462677166424952833
1462677166206996480
1462677164394958848
1462677164206166016
1462677163984015363
1462677163946164228
1462677163866411008
1462677163799457798
1462677163753283586
1462677162901872640
1462677161970585606
1462677161928577034
1462677159030542336
1462677158397161477
1462677157935779844
1462677157478649857
1462677157105131520
1462677157071790086
1462677155737968641
1462677155251466243
1462677154852966400
1462677154513174533
1462677153988763651
1462677153502408704
1462677153472909313
1462677151933554695
1462677151195574275
1462677150969044994
1462677150734041089
1462677150427799553
1462677150218260480
1462677150083940353
1462677149765283841
1462677149639270400
1462677149538832388
1462677149190606853
1462677147751882756
1462677147575750657
1462677147164758018
1462677147001098244
1462677145990451200
1462677143301853185
1462677143201234944
1462677143113117697
1462677141640863747
1462677137312436225
1462677137220120580
1462677137085845504
1462677136158781440
1462677135945084929
1462677133461843968
1462677132421701640
1462677131562037252
1462677131377487881
1462677131130028032
1462677129913679875
1462677129750056966
1462677129708122115
1462677129657823235
1462677129473114113
1462677127812333574
1462677126809899008
1462677126717526016
1462677124909785091
1462677124104560641
1462677124012150787
1462677123278282754
1462677123148230659
1462677123068481536
1462677121223041033
1462677121143296005
1462677120665243648
1462677120623251459
1462677120468103170
1462677120296144899
1462677120254107650
1462677120224841730
1462677119209652224
1462677119012593666
1462677118769315842
1462677118677303298
1462677118244900868
1462677117678854153
1462677117158805504
1462677116311388162
1462677116227567616
1462677115933904897
1462677115380420609
1462677115011219457
1462677113757175810
1462677112792494084
1462677112217751558
1462677112129826822
1462677111789998081
1462692318746660867
1462692318104981509
1462692317924507652
1462692315873656837
1462692315814891523
1462692315814842370
1462692315793866753
1462692315177308160
1462692315114479618
1462692314019614722
1462692312824221702
1462692312119656461
1462692312111190020
1462692311448670211
1462692311272468482
1462692310672715777
1462692310240612352
1462692309615751171
1462692309229662210
1462692308416090112
1462692308181303300
1462692307774365701
1462692306717450240
1462692306440667136
1462692306356744193
1462692305954127872
1462692305840881667
1462692303668191232
1462692303626199042
1462692303420592128
1462692303227826182
1462692302913220610
1462692302808305667
1462692301935943680
1462692301843705857
1462692301764014087
1462692301155692544
1462692300765728771
1462692300501368832
1462692300300165123
1462692299872387072
1462692299687792642
1462692299175972866
1462692298488270850
1462692298236571651
1462692296898465797
1462692296596598784
1462692295938039817
1462692295854243843
1462692294872731650
1462692294864162818
1462692294822445057
1462692294772113408
1462692294738411522
1462692294709202946
1462692294579175424
1462692294478475265
1462692294100926466
1462692293941477378
1462692293517979651
1462692292465147905
1462692292100345861
1462692291886288896
1462692290946904064
1462692290841960454
1462692290321920001
1462692290233651201
1462692290174930944
1462692289919303682
1462692289352974336
1462692289176694784
1462692288782651393
1462692286874066945
1462692286563860480
1462692286341468161
1462692285829767172
1462692285448003586
1462692285280403457
1462692285196476424
1462692285091663872
1462692285066493955
1462692284701589505
1462692282969247746
1462692282549813248
1462692282260500482
1462692282239496196
1462692281647964161
1462692281354530816
1462692281006366720
1462692280607903745
1462692279907459072
1462692279865466883
1462692279353704459
1462692279056015361
1462692278959370242
1462692278649114628
1462692278351409158
1462692278212960256
1462692278183596037
1462692277914980352
1462692277646675968
1462692277059424258
1462692276929400833
1462692276400963589
1462692275767685121
1462692275549618176
1462692274005954563
1462692273838190601
1462692273481781249
1462692272408043523
1462692271686664198
1462692271439192066
1462692270776324098
1462692270382137346
1462692270315118598
1462692270222708738
1462692270151372804
1462692270046601219
1462692269803417601
1462692269677428754
1462692268792586241
1462692268700176385
1462692268482064384
1462692268377350145
1462692267638935555
1462692267513327616
1462692266519138306
1462692266099814408
1462692265965592579
1462692265864876032
1462692265802047491
1462692265797857286
1462692265760071681
1462692265583775745
1462692265265188864
1462692265101381632
1462692264946417667
1462692263809667075
1462692262970802177
1462692262673108992
1462692262513684480
1462692262438178816
1462692262224277509
1462692262035525635
1462692261926477827
1462692261788061700
1462692261469188099
1462692261343465475
1462692260349464577
1462692260345102337
1462692260059963396
1462692259892240386
1462692259871084547
1462692259271528453
1462692259036643328
1462692258910662658
1462692258201804807
1462692257774161923
1462692257002369026
1462692256780062724
1462692255907688450
1462692254422745096
1462692254200602625
1462692253118472197
1462692252426412036
1462692252422180865
1462692251889451014
1462692251805569026
1462692251436564481
1462692250480267269
1462692250283036674
1462692249687539720
1462692247846150146
1462692247833649156
1462692247259000835
1462692247170961411
1462692246541807619
1462692246432612354
1462692245753192448
1462692245287718912
1462692243920277506
1462692243807031299
1462692243605762049
1462692242934534153
1462692242607378434
1462692242393493504
1462692242359996426
1462692240514433025
1462692240267128832
1462692239851892737
1462692239361073156
1462692238245437440
1462692237402259458
1462692237293363203
1462692237284884480
1462692237196808193
1462692237016506369
1462692236936810497
1462692235057811457
1462692234537709568
1462707418199203842
1462707418186584069
1462707418165620741
1462707417326800899
1462707415955165184
1462707415820890113
1462707415749644291
1462707415196053504
1462707414583627777
1462707414462078977
1462707413505744904
1462707413476208642
1462707413379858434
1462707413233147904
1462707412780007424
1462707412268466178
1462707412150984704
1462707411932917764
1462707411156881412
1462707410464919559
1462707410334720001
1462707410276024322
1462707410141949953
1462707409999253504
1462707409487495171
1462707409449897987
1462707409219211269
1462707408795545603
1462707408686440453
1462707408220958722
1462707407935660034
1462707407545638913
1462707407386198016
1462707407130345475
1462707406492909569
1462707405867921410
1462707405398097921
1462707405104553985
1462707404613861380
1462707400616464400
1462707400247496706
1462707399727407109
1462707399567953928
1462707399077376005
1462707398938959875
1462707398737641476
1462707398553096198
1462707398334980096
1462707396334161924
1462707396233547777
1462707396032307201
1462707395906392066
1462707395013005321
1462707394966953990
1462707394237063174
1462707394161479681
1462707392785833984
1462707392366452736
1462707392261627904
1462707391825334279
1462707391544401929
1462707391317827585
1462707390608990214
1462707390369779718
1462707390223106049
1462707389644386306
1462707389531049988
1462707388092407811
1462707388054650881
1462707386842595328
1462707386574065668
1462707386238574598
1462707385726910472
1462707385227747329
1462707384745439234
1462707384711892992
1462707384493748224
1462707383763931138
1462707383411490816
1462707383055134728
1462707381389774849
1462707380899168256
1462707380714672129
1462707379573858306
1462707378659348485
1462707377908690944
1462707377908576258
1462707377501876232
1462707376780414980
1462707376612589569
1462707375832539136
1462707375664730112
1462707375626883076
1462707375471747076
1462707375241154565
1462707373961891843
1462707373496143872
1462707371742883842
1462707370874703875
1462707370740568064
1462707370287534084
1462707370178535428
1462707369641660418
1462707369205403649
1462707369134239746
1462707368760807428
1462707368173658113
1462707368173576195
1462707367724949511
1462707367695507459
1462707367385067521
1462707367326457857
1462707366080749570
1462707365866840067
1462707365715845126
1462707364923154437
1462707362595282944
1462707362226130946
1462707361357910017
1462707360338624515
1462707359776579586
1462707358732328968
1462707358560358400
1462707357469884416
1462707357146882049
1462707356106510339
1462707354328305670
1462707353887854594
1462707353514557442
1462707353413955587
1462707353086799876
1462707352709259266
1462707352025632769
1462707350381506561
1462707349995483140
1462707349966098434
1462707349685112840
1462707348657647617
1462707348565372934
1462707347764256769
1462707347650924545
1462707347143409667
1462707346778509316
1462707345394307077
1462707345197260803
1462707345016954887
1462707344949886979
1462707344845029385
1462707344513638405
1462707344480079875
1462707343808995333
1462707342739443716
1462707342722674694
1462707342672281607
1462707342575693834
1462707342080884739
1462707340843573256
1462707340638105601
1462707340365418498
1462707340059324419
1462707339849515008
1462707339396591619
1462707339320979463
1462707339031687170
1462707337597227014
1462707337408483330
1462707336418578434
1462707336401891330
1462707335030214660
1462707334820601858
1462707334644318215
1462707334434676737
1462707334338134017
1462707334233432067
1462707334162132992
1462707334023630849
1462707333964845060
1462707333478461444
1462707333478420480
1462707332702482432
1462707330722799626
1462707330148143108
1462707329644777473
1462707328633954310
1462707328101146626
1462707327707099136
1462707326704574464
1462707326327005186
1462707326108852225
1462707325559623689
1462707325115027456
1462707325026902019
1462707325005967362
1462707324972322819
1462707324162875397
1462707323919548418
1462707323701547015
1462707323378581504
1462707323181228037
1462707322594242561
1462722516988973060
1462722516573560840
1462722515860602882
1462722515327877122
1462722515298619401
1462722514908594176
1462722514757439492
1462722514547843074
1462722514367365124
1462722514333880324
1462722514254123009
1462722513465708545
1462722513419517953
1462722513277005826
1462722511481847810
1462722511343431683
1462722510869475331
1462722510198394884
1462722509367881733
1462722509023940620
1462722507534786561
1462722507258138624
1462722507249790985
1462722507144843264
1462722506977075200
1462722506733858824
1462722506725330951
1462722506582896641
1462722505651761152
1462722505312018437
1462722504728866819
1462722504666009601
1462722504523452419
1462722504431214595
1462722503327973380
1462722502241624065
1462722501658791936
1462722501557948416
1462722501281300484
1462722500639576064
1462722500475990020
1462722499192442894
1462722499167207427
1462722498802241537
1462722498642923524
1462722498408038405
1462722498173284359
1462722498156400644
1462722498093531139
1462722497825099780
1462722497657380867
1462722497300860932
1462722497254678530
1462722496965271558
1462722496646586369
1462722496021643270
1462722495296032768
1462722494968836097
1462722494096293888
1462722494083776519
1462722493823737863
1462722493559492611
1462722493291151360
1462722493207261186
1462722492913565702
1462722492410339328
1462722492095676418
1462722491512668162
1462722490837393408
1462722490191462400
1462722490090754050
1462722489444884484
1462722489298178051
1462722489163948040
1462722489122013190
1462722489025396739
1462722489008541696
1462722488513830912
1462722488278953989
1462722488266149897
1462722488022962184
1462722487389757440
1462722487146496002
1462722486521319430
1462722486060163072
1462722485745602562
1462722485649035270
1462722485472931852
1462722485137334276
1462722485095444481
1462722484986269697
1462722484101386240
1462722481819721735
1462722480800509960
1462722480800505859
1462722479672102913
1462722479487651844
1462722479454052359
1462722479403585536
1462722479277977600
1462722478996967428
1462722478640353285
1462722478577434627
1462722478556557313
1462722478514454532
1462722477524725760
1462722477319237635
1462722476904005634
1462722476081827843
1462722474789928970
1462722474731212802
1462722474374840323
1462722474227818502
1462722474047676417
1462722473212919812
1462722472374059009
1462722471107379201
1462722470704652299
1462722470507601920
1462722470402834434
1462722470264377346
1462722470264328197
1462722469794660353
1462722469723353090
1462722469278613507
1462722468733456385
1462722468003602433
1462722467667988483
1462722467529736193
1462722466577633283
1462722466489552904
1462722466149773312
1462722464799207424
1462722464665026560
1462722464421748737
1462722463985549315
1462722463880646657
1462722463318614021
1462722463301783559
1462722463129686020
1462722462894931970
1462722462194544640
1462722461783392263
1462722461653508100
1462722461280063491
1462722460978237440
1462722460755894274
1462722460751699972
1462722460458143745
1462722460374212609
1462722460374208517
1462722460139335683
1462722458679656454
1462722458205802503
1462722458100940806
1462722458021208071
1462722457870155781
1462722457605922821
1462722457450778627
1462722457299668993
1462722457132019715
1462722457069101061
1462722456934834176
1462722456049762310
1462722454971985920
1462722454351056896
1462722454342623233
1462722453743054854
1462722453608800257
1462722453000667138
1462722452648300544
1462722452535091202
1462722452513976320
1462722452304375817
1462722451805249541
1462722451742154754
1462722451440238597
1462722451201310727
1462722450962194432
1462722450379137026
1462722450299318273
1462722449959575553
1462722449783472128
1462722449716523012
1462722449703854080
1462722448982478855
1462722448433033221
1462722448105820165
1462722447392792577
1462722447191560193
1462722446897782788
1462722446566461440
1462722445886955523
1462722445631176708
1462722444741992449
1462722444645617665
1462722444561731585
1462722444523970566
1462722443873685511
1462722442309345289
1462737616021897218
1462737615996788739
1462737615736557571
1462737615598366723
1462737614579146757
1462737614423924742
1462737613580906497
1462737613580902402
1462737613358514180
1462737613341745152
1462737612775559176
1462737612712648709
1462737612351881217
1462737611710205954
1462737611655720963
1462737611449982979
1462737611382951939
1462737611278192644
1462737610959294464
1462737610317705218
1462737610313453569
1462737608803557380
1462737608568709121
1462737608560287748
1462737607641776134
1462737607327113222
1462737606991618049
1462737606958067713
1462737605099806722
1462737604605009925
1462737604349210627
1462737603871055879
1462737603791409154
1462737602382020615
1462737602260393985
1462737601857609728
1462737601236856838
1462737600997961730
1462737600805064710
1462737600729468930
1462737599970353153
1462737599911575559
1462737598959566850
1462737597562818561
1462737596321304585
1462737595574755334
1462737595021021184
1462737594974982148
1462737594572099586
1462737594379235332
1462737593964003330
1462737593716588548
1462737593582293001
1462737592861052929
1462737592688910339
1462737592491859972
1462737590948438017
1462737590809858050
1462737590465925123
1462737590377930757
1462737589862076418
1462737589732098053
1462737589685960706
1462737589320896512
1462737589014867976
1462737588985516036
1462737588318580736
1462737587789959170
1462737587211325442
1462737586372415496
1462737585843937280
1462737585273556994
1462737585030275073
1462737584908648454
1462737584812032001
1462737584258314249
1462737583797149698
1462737583440547840
1462737582807265282
1462737582773739523
1462737581922308101
1462737581834186754
1462737581771300868
1462737581137743878
1462737581045649412
1462737580219416580
1462737579388903428
1462737579313356800
1462737578960900105
1462737578789060608
1462737578646548487
1462737577589493764
1462737577346158594
1462737577304371205
1462737576901632003
1462737576163528704
1462737575332888579
1462737574435463171
1462737574347296770
1462737574267658242
1462737574011748359
1462737573936177157
1462737573890207755
1462737573730828290
1462737573327953925
1462737573277749262
1462737571243601925
1462737571046465539
1462737570496843776
1462737570299842563
1462737570081787910
1462737569884614665
1462737568253071360
1462737568211025923
1462737568106176520
1462737568085196800
1462737567787458560
1462737567745458178
1462737567418302466
1462737566826905602
1462737566751510532
1462737566466248711
1462737566193668102
1462737565891633154
1462737565799305224
1462737565740580864
1462737565660991504
1462737565438513158
1462737565384122374
1462737565258158084
1462737565170163712
1462737565010862080
1462737563685433344
1462737563647717378
1462737562536067074
1462737561911115778
1462737561118547974
1462737560455757825
1462737560204156928
1462737560187424772
1462737560116027394
1462737558589386754
1462737558199156737
1462737558161575941
1462737557725212673
1462737557490393089
1462737556869689346
1462737556714442759
1462737555347197953
1462737554445246469
1462737553824501760
1462737552901697541
1462737552545361923
1462737552402784261
1462737552335585280
1462737551790272525
1462737551773601792
1462737551656112131
1462737551287062528
1462737550833897474
1462737550762725384
1462737550406152196
1462737549219274765
1462737549072510977
1462737548346855428
1462737548040716289
1462737547516432387
1462737546962784256
1462737546773946379
1462737546723704840
1462737546090270720
1462737544689463298
1462737544177614851
1462737543988928512
1462737543095627780
1462737542483226626
1462737541975715841
1462737541652746244
1462737540742590470
1462737540721512455
1462737540708909061
1462737540163670018
1462737539060539392
1462737537907187713
1462737537055735811
1462737536824975365
1462737536590172163
1462737536456040449
1462737536216936450
1462737534480535556
1462737534077837313
1462737533792571393
1462737533192876035
1462737533012484097
1462737532974731274
1462737532462972930
1462737532437807105
1462737532366594051
1462737532349788162
1462737532341342219
1462752716489478150
1462752716250300416
1462752716246032389
1462752716166516739
1462752715872813057
1462752713972793347
1462752712982941705
1462752712764710912
1462752712077062145
1462752711808630794
1462752711674404877
1462752711292633089
1462752711128977410
1462752710948577284
1462752710827159553
1462752710319554562
1462752710013431815
1462752709921103875
1462752709535227908
1462752709514182658
1462752709300432900
1462752708121616393
1462752707983282176
1462752707698122764
1462752707199045636
1462752706431492101
1462752706154545152
1462752705642905607
1462752705638711302
1462752704833499137
1462752704581668865
1462752704472756227
1462752703982055428
1462752703826722816
1462752703742976002
1462752703524786179
1462752703348674565
1462752703243816965
1462752702866214916
1462752702715383811
1462752702321119232
1462752702245527570
1462752702207705088
1462752702023225344
1462752700769046531
1462752700450238466
1462752699850510336
1462752699443732485
1462752699020161031
1462752699003326468
1462752698990661632
1462752698810437636
1462752698625937408
1462752697866768385
1462752696730062853
1462752696629440518
1462752696427941888
1462752695899635714
1462752695589163009
1462752695580823560
1462752695547314178
1462752695480107014
1462752695429877768
1462752695245148167
1462752694498701315
1462752693341065216
1462752693232050178
1462752693160759298
1462752692766449673
1462752692489670662
1462752692397350912
1462752692313411588
1462752691742990339
1462752691571019778
1462752691403190273
1462752690988101633
1462752690665103363
1462752690480549890
1462752688811220997
1462752688454737925
1462752688408563714
1462752687661977600
1462752687523602439
1462752687452311557
1462752687129305088
1462752686768537603
1462752686420500483
1462752686114283521
1462752685350871046
1462752684277223428
1462752683727724546
1462752683157245957
1462752682490294281
1462752682410663949
1462752682020593667
1462752681324331011
1462752680976203781
1462752680527413248
1462752679919341573
1462752679654871041
1462752679545999361
1462752679445291015
1462752679336235015
1462752679059357705
1462752678874951683
1462752678874861569
1462752678807801858
1462752677746688032
1462752677046194179
1462752676853264391
1462752676261814276
1462752675850768386
1462752675481665547
1462752675192352769
1462752674852618241
1462752674600951813
1462752674328231938
1462752674223427591
1462752674085056515
1462752673590087680
1462752672893779969
1462752672319262723
1462752672285663234
1462752671518150657
1462752671165825030
1462752670997831685
1462752670888902656
1462752670511419394
1462752670444396546
1462752668867350536
1462752668590526468
1462752667818762248
1462752667499913217
1462752666703040516
1462752666421968897
1462752666325590021
1462752666250002441
1462752665901928452
1462752665880907779
1462752665776136192
1462752665398620162
1462752665113272325
1462752664811364352
1462752664110968833
1462752664073158659
1462752663871840260
1462752663280533508
1462752662420692996
1462752662294781956
1462752661950840839
1462752661292433411
1462752660940115970
1462752659937579012
1462752659027509252
1462752658935083010
1462752657781624841
1462752657454604290
1462752657165238275
1462752656422809605
1462752656112463876
1462752656112320520
1462752656036749316
1462752655613349890
1462752655009329157
1462752654979842055
1462752654782648330
1462752654707232771
1462752654224932866
1462752653453242369
1462752653218299909
1462752652945723397
1462752652857597952
1462752652702461960
1462752652161425413
1462752651972689923
1462752651951714308
1462752651154657286
1462752650257121282
1462752649800032257
1462752649623842817
1462752649523179525
1462752649153957891
1462752648969474050
1462752648747225088
1462752648319414278
1462752648306823176
1462752646910066693
1462752646847156224
1462752646234836994
1462752646163361793
1462752646113103875
1462752644976582659
1462752644968202251
1462752644477378561
1462752643827253251
1462752643613351940
1462752643428851714
1462752643022008323
1462752642879340550
1462752642858242048
1462767816394915846
1462767816260657157
1462767815656620041
1462767815396667399
1462767814801043456
1462767812955590659
1462767812062158852
1462767811789479936
1462767811357560839
1462767811290447873
1462767811005145090
1462767810388447235
1462767810304749575
1462767810258645000
1462767809784528896
1462767809239339018
1462767808278929410
1462767808131915776
1462767807846924288
1462767806555074565
1462767806240460801
1462767805535637514
1462767805472940036
1462767805447692289
1462767804982169600
1462767804977979396
1462767804638273543
1462767804453642240
1462767804164227076
1462767804076199938
1462767803417702402
1462767803379986449
1462767803191152649
1462767803048476672
1462767802906038275
1462767802813661189
1462767802524131330
1462767802025005064
1462767800808873985
1462767800586543108
1462767800443940865
1462767800217395203
1462767799856779271
1462767799613415431
1462767799198265347
1462767798845943817
1462767798480949248
1462767797788758023
1462767797386108928
1462767797038202881
1462767797008805894
1462767796891394055
1462767796786454529
1462767796299964419
1462767796077666311
1462767795972845572
1462767795800838144
1462767795268210694
1462767795200999427
1462767794760654856
1462767794638970880
1462767794488057859
1462767794324480002
1462767792315326468
1462767792084684804
1462767792009142281
1462767791912767490
1462767790096625669
1462767790071468033
1462767790000164865
1462767789806997509
1462767789513527299
1462767789157068809
1462767789144522765
1462767789140185091
1462767788838191106
1462767788636839943
1462767788112723972
1462767788007821324
1462767787550588928
1462767787403886592
1462767787307372551
1462767786913054726
1462767785684127752
1462767785638039559
1462767785629659137
1462767785252200456
1462767784945926146
1462767784912375815
1462767784740413450
1462767784669204488
1462767784597753866
1462767784199294981
1462767784153210890
1462767784065126405
1462767783993872387
1462767783876481031
1462767783779971075
1462767783628967944
1462767783318589446
1462767782769090565
1462767782702030851
1462767782366482437
1462767781519233028
1462767781393440774
1462767780860735492
1462767780768399362
1462767780512600073
1462767779891847171
1462767779753472002
1462767779480698881
1462767779195412481
1462767779182960640
1462767779103260680
1462767778847506435
1462767778159632384
1462767777840877568
1462767777660477447
1462767777660297219
1462767777593233408
1462767776767127553
1462767776360243201
1462767775693352961
1462767773310984198
1462767773260546049
1462767773210353668
1462767773021458437
1462767772975443971
1462767772795027462
1462767772690104322
1462767772669206532
1462767772627345410
1462767772455383046
1462767771545186314
1462767771545182217
1462767771243143169
1462767770374836229
1462767770001711108
1462767769779326978
1462767769749970949
1462767769292787720
1462767769104039941
1462767769099898881
1462767769062187011
1462767768361742336
1462767768332345351
1462767767937978368
1462767767891808259
1462767767661293581
1462767767459872770
1462767767279570947
1462767767183101952
1462767767090868230
1462767766952419329
1462767766440660996
1462767766214266881
1462767765455097860
1462767765387833345
1462767765115256843
1462767765014695937
1462767764691640320
1462767764628774912
1462767764461043715
1462767764070752261
1462767764041465863
1462767763198517257
1462767763009769481
1462767762787475457
1462767762682617869
1462767762598678535
1462767762242256896
1462767762065997826
1462767761961242628
1462767761755623429
1462767761352916994
1462767761306832897
1462767760983961602
1462767759591452677
1462767759478206469
1462767758878425089
1462767758798635010
1462767758467289092
1462767758240894979
1462767758152814594
1462767757829623808
1462767756860817412
1462767756332265474
1462767755489431558
1462767755439091712
1462767755233415170
1462767754642182154
1462767754444947464
1462767754293903361
1462767754281422853
1462767754159796231
1462767753530589188
1462767753203306507
1462767753127874565
1462767753098678281
1462767752704405510
1462782915398541328
1462782915092246541
1462782914530353152
1462782914320642054
1462782914148671493
1462782914098348033
1462782913926164481
1462782913896980492
1462782913657905154
1462782911934087169
1462782911527202824
1462782911241981957
1462782911157964800
1462782911116038145
1462782910612738053
1462782909555912714
1462782909467828233
1462782909400629252
1462782909312638979
1462782909115514883
1462782908964429832
1462782908855296000
1462782908385660933
1462782908196798469
1462782908117172228
1462782908096262152
1462782908020703232
1462782907567816704
1462782906460483585
1462782906363875331
1462782906041085958
1462782905667788806
1462782905508376582
1462782905437114371
1462782904858206218
1462782904589852674
1462782904543723528
1462782903616745479
1462782903239200779
1462782903046320138
1462782902748520451
1462782902672846850
1462782902530453504
1462782902387757059
1462782902354202625
1462782901578203136
1462782901217603586
1462782901163024390
1462782900680769543
1462782900240326657
1462782900043145220
1462782900022259721
1462782900022259720
1462782899992682499
1462782899879657472
1462782899791486977
1462782899573465098
1462782899225309189
1462782899166629894
1462782899078402049
1462782899040792581
1462782899019780097
1462782898277335045
1462782897967058948
1462782897828552708
1462782897694609410
1462782897354690564
1462782897342103562
1462782897161584648
1462782896826208269
1462782896737959941
1462782896494858246
1462782896427646977
1462782896385761294
1462782896364736515
1462782896171892737
1462782895634931714
1462782895400046599
1462782895341322245
1462782895328800774
1462782895270023168
1462782894607319042
1462782894489886729
1462782894397693959
1462782894380781573
1462782893688864769
1462782893588197385
1462782893315563527
1462782893177151494
1462782893030260741
1462782892837199872
1462782892308942856
1462782892132683784
1462782892094984202
1462782892074020868
1462782891843280901
1462782891293827082
1462782891285491715
1462782891235155968
1462782891180662786
1462782891092492291
1462782890983501831
1462782890912198657
1462782890358493184
1462782890174001156
1462782889834295299
1462782889628553218
1462782889574207491
1462782888978440195
1462782888848420866
1462782888672473089
1462782888332591105
1462782887888044036
1462782887808454657
1462782887535726595
1462782887460319235
1462782886814404612
1462782886713647111
1462782886575235079
1462782886571036692
1462782886470324227
1462782886407516164
1462782886101364737
1462782886092943370
1462782886080307203
1462782885996466182
1462782885971124224
1462782884859760640
1462782884671074308
1462782884385861637
1462782884004175878
1462782883953848325
1462782883723194375
1462782883651850248
1462782883312115719
1462782883307925505
1462782883119218702
1462782882796212228
1462782882171207680
1462782882049667080
1462782882041286659
1462782882032742408
1462782881864970244
1462782881189834753
1462782880715878400
1462782880497680389
1462782880371953666
1462782880271192065
1462782880267087876
1462782880128671747
1462782879809916936
1462782879738605572
1462782879725985799
1462782879386062852
1462782879327395844
1462782879029727232
1462782878857809926
1462782878329319433
1462782878073462784
1462782877641416718
1462782877540700167
1462782877393997830
1462782877356208137
1462782876190052358
1462782876097794055
1462782875401658374
1462782875397505026
1462782875338686469
1462782874546065411
1462782873375805441
1462782873321320454
1462782873073643522
1462782872977383438
1462782871568101378
1462782871534546949
1462782870964027398
1462782870506909711
1462782870439829508
1462782870301589508
1462782869269467148
1462782869114347521
1462782869059907590
1462782869005160449
1462782868963397636
1462782868829224960
1462782867927404548
1462782867826745344
1462782867579277314
1462782867474419717
1462782867239575559
1462782867184967680
1462782867109556231
1462782866971111428
1462782866912333837
1462782866857754632
1462782866052595716
1462782866048397318
1462782865532506116
1462782864412614659
1462782864181936140
1462798014737747968
1462798014662258700
1462798014574174221
1462798014481903626
1462798014393823236
1462798014280577031
1462798014234386433
1462798014058278917
1462798013810753543
1462798013676486659
1462798013563289603
1462798013521281031
1462798013429129226
1462798013080879110
1462798012820996106
1462798012749656064
1462798012674043907
1462798012426637322
1462798012325969926
1462798011923415046
1462798011881467914
1462798011428323329
1462798011298287619
1462798011193380869
1462798010988089353
1462798010870607884
1462798010824417288
1462798009863917581
1462798009687810048
1462798009058545664
1462798009024974857
1462798008949616648
1462798008945369097
1462798008890834954
1462798008052076553
1462798007863332870
1462798007636836353
1462798007179485185
1462798006357422084
1462798006193905664
1462798006051385358
1462798005430468611
1462798005329928193
1462798004407222275
1462798004331626499
1462798004155473928
1462798004000366592
1462798003975168011
1462798003811635210
1462798003631104005
1462798003408834569
1462798003333332996
1462798002997927939
1462798002872102923
1462798002150686720
1462798001756385285
1462798001722703877
1462798001462677509
1462798001391513603
1462798000653312003
1462798000590401546
1462798000263159816
1462798000250576899
1462797999839580168
1462797999621296128
1462797999323688963
1462797999185219593
1462797999097237506
1462797998820364291
1462797998774173696
1462797998694408203
1462797997922791429
1462797997452890124
1462797997016768513
1462797996949659661
1462797996144295938
1462797996123426828
1462797996089741318
1462797995800465410
1462797995792027656
1462797995578118148
1462797995376848903
1462797995238469641
1462797994772815874
1462797994722476033
1462797994693214211
1462797994651275269
1462797994588348429
1462797994265391107
1462797994265354242
1462797993782960129
1462797993468379145
1462797993275363334
1462797993195847687
1462797992524718089
1462797992461692928
1462797992122064900
1462797991908196354
1462797991564255236
1462797991434240005
1462797991056752648
1462797991006330893
1462797990847033352
1462797990687494146
1462797990679224321
1462797990666592256
1462797989848797186
1462797989316120579
1462797989047582725
1462797988842160140
1462797988724682757
1462797988699463691
1462797988384985101
1462797988212789251
1462797988036759552
1462797988007456776
1462797987554357254
1462797987113947139
1462797987109691393
1462797986916933634
1462797986824605709
1462797986765934602
1462797986342182913
1462797986308792320
1462797985830608901
1462797985692086277
1462797985591476237
1462797985486626820
1462797985205473284
1462797985121767434
1462797985058893824
1462797985004371982
1462797984857354243
1462797984719069190
1462797984261832706
1462797984203083776
1462797984199061506
1462797983901270018
1462797983863480329
1462797983737466885
1462797983725015047
1462797983251058689
1462797982814785547
1462797982789685248
1462797982756048900
1462797982483554306
1462797981921554444
1462797981854453766
1462797981799825411
1462797981447565318
1462797981422284801
1462797981128826884
1462797981061627906
1462797980881367040
1462797980759691264
1462797979950194689
1462797979765596165
1462797978201067524
1462797978020818945
1462797978016657412
1462797977769156609
1462797976976474115
1462797976598978575
1462797976523444229
1462797975114166272
1462797974854115333
1462797974787006468
1462797974782816261
1462797974531198980
1462797974476574725
1462797974149509122
1462797974048759815
1462797973750956036
1462797973675552780
1462797973583110149
1462797973545435150
1462797973004423179
1462797972685660170
1462797972152930306
1462797971683119114
1462797971595137037
1462797971016192004
1462797970928115714
1462797970076753921
1462797969539977222
1462797969296662535
1462797969292501004
1462797969154056199
1462797968491397121
1462797968445161476
1462797968084512768
1462797967866441728
1462797967363121163
1462797965840551940
1462797964737351687
1462797964636835840
1462797964443746305
1462797964276113412
1462797963604996104
1462797963491749893
1462813114819395591
1462813114202660868
1462813114135629836
1462813114026668035
1462813113410109456
1462813113401716743
1462813113380753412
1462813113330327561
1462813112659238923
1462813112613093377
1462813112264912909
1462813111707213825
1462813111619104778
1462813111614726154
1462813111413399554
1462813110608224264
1462813110566363136
1462813110360752139
1462813110306234379
1462813109765251078
1462813109597442049
1462813109526183936
1462813109412896779
1462813109047988231
1462813108926402563
1462813108536287241
1462813108284661767
1462813107877724161
1462813107861037060
1462813107449851911
1462813107160596482
1462813107000995842
1462813106820816896
1462813106225172485
1462813105835106306
1462813105742704640
1462813105604468739
1462813105478684685
1462813105365426178
1462813104388157447
1462813104253947908
1462813104136404992
1462813103951949829
1462813103595294732
1462813103385718790
1462813103310221316
1462813102978834440
1462813102882242566
1462813101745741826
1462813101737140225
1462813101582135306
1462813101460537346
1462813101431078912
1462813101066055682
1462813100890075136
1462813100797685761
1462813099539537924
1462813099375972357
1462813099103240194
1462813098889383937
1462813098079830016
1462813097601781762
1462813097534627851
1462813097446588418
1462813097421324294
1462813097329152002
1462813097308082182
1462813097220005888
1462813096775401482
1462813096549003276
1462813096506970112
1462813096481894407
1462813096460890116
1462813096423325698
1462813096301535239
1462813096007897097
1462813095932403719
1462813095705858055
1462813095206834184
1462813095164850181
1462813095051550726
1462813095026470916
1462813094963466250
1462813094909038607
1462813094904614919
1462813094682497030
1462813093965217801
1462813093591924738
1462813093503897608
1462813093302390788
1462813093034139664
1462813092534886400
1462813092467859463
1462813092098760707
1462813091981316105
1462813091977216005
1462813091951960064
1462813091629080577
1462813091549351939
1462813091515744261
1462813091507359749
1462813091410886667
1462813090848944130
1462813090303651842
1462813090093977604
1462813089762529286
1462813089326379026
1462813089229852676
1462813089141645315
1462813089087332356
1462813088948887554
1462813088839786507
1462813088512503812
1462813088155979778
1462813087828828161
1462813087577387009
1462813086742683650
1462813086671417351
1462813086348423179
1462813085249515528
1462813085199179776
1462813084976881665
1462813084897185796
1462813084590956549
1462813084469366784
1462813084330954761
1462813083970248705
1462813083836067841
1462813083815096330
1462813083542433796
1462813083068518400
1462813083059900419
1462813082338562051
1462813081894100994
1462813081071853569
1462813080920940545
1462813080761606144
1462813080732286980
1462813080677761024
1462813080237260804
1462813079494926337
1462813079272570885
1462813079230730246
1462813079130021895
1462813078819647495
1462813078274387974
1462813078245023745
1462813078081396742
1462813077959852038
1462813077506768913
1462813076735111179
1462813076722434055
1462813076529496077
1462813076504391688
1462813076466520065
1462813076026236934
1462813075665567750
1462813075329982464
1462813075266965506
1462813074801451010
1462813074688258054
1462813074503520263
1462813074319159310
1462813074109386768
1462813073748725760
1462813073404612610
1462813073345974273
1462813073220247555
1462813073039761410
1462813072414982144
1462813072289107973
1462813072230342658
1462813071467024391
1462813071190208512
1462813071164981249
1462813071026626567
1462813070963748868
1462813070690963456
1462813070351339521
1462813070158225411
1462813070129086466
1462813069768380427
1462813069466226690
1462813068900147201
1462813068883288070
1462813068778475524
1462813068627480579
1462813067721547782
1462813067658604545
1462813067343974406
1462813067151130625
1462813066404536328
1462813066127622150
1462813064718430212
1462813064512696322
1462813064286412803
1462813064147783685
1462813064072503297
1462813063846019085
1462813063585968136
1462828213986639877
1462828213927919620
1462828213764333570
1462828213588176902
1462828213327958016
1462828213252542464
1462828212937965571
1462828212908703748
1462828212858208264
1462828212245905410
1462828212057219077
1462828211843350531
1462828211738394628
1462828211671220226
1462828211319021572
1462828211260248066
1462828210337497091
1462828210060763144
1462828208353595395
1462828208143970312
1462828208072626182
1462828208051654661
1462828207372079115
1462828207070060546
1462828206684266499
1462828206222893062
1462828205904125968
1462828205719576588
1462828205581164549
1462828205543415816
1462828205094625283
1462828204922597377
1462828204801118211
1462828204595593222
1462828204205432835
1462828203752439825
1462828203727372301
1462828203421097986
1462828203404402689
1462828202687148042
1462828202527711242
1462828201764401158
1462828201370079238
1462828201038671872
1462828201022042117
1462828200912957449
1462828200871043074
1462828199407144960
1462828199222648832
1462828199176462347
1462828199000391691
1462828198635491336
1462828198530453510
1462828198253629447
1462828197997957120
1462828197796618244
1462828197771423746
1462828197691670533
1462828197465276422
1462828197196845062
1462828197121339399
1462828197058330628
1462828197041655822
1462828197016477696
1462828196999663623
1462828196756439042
1462828196437630978
1462828196072615950
1462828195699474444
1462828195326173190
1462828194931912712
1462828194692800518
1462828194554421251
1462828194529165314
1462828194311122953
1462828194277429253
1462828194235666433
1462828194122371079
1462828193979768844
1462828193698795522
1462828192918609925
1462828192708890642
1462828192692121601
1462828192373354496
1462828192058814464
1462828191920406530
1462828191257702407
1462828190691385347
1462828190058127372
1462828189995225096
1462828189961576453
1462828189730889739
1462828188980191232
1462828187348525067
1462828187285655557
1462828187176648705
1462828187126222848
1462828186518138882
1462828185838624773
1462828185087791105
1462828184970272774
1462828184651640835
1462828184504872963
1462828184450306060
1462828184404115468
1462828184018333704
1462828183498248197
1462828183472979973
1462828183057797125
1462828182256640000
1462828182227365893
1462828181937958921
1462828181480620038
1462828180608192521
1462828180218253323
1462828179962408962
1462828179660460036
1462828179559632897
1462828179098415109
1462828178859302920
1462828178519445504
1462828178481860610
1462828178414530563
1462828178376953857
1462828177936596994
1462828177705689088
1462828176963428357
1462828176581828625
1462828176552435714
1462828176258830336
1462828175822622728
1462828175457665025
1462828174883098639
1462828174673420297
1462828174572724233
1462828174333653001
1462828174132269056
1462828174035804165
1462828173750685706
1462828173620559873
1462828173607985158
1462828173272436745
1462828172983078921
1462828172232192006
1462828171649327105
1462828171615784969
1462828171326279683
1462828170919526401
1462828170630119432
1462828170567168016
1462828170369921033
1462828170302865413
1462828169782726660
1462828169724051468
1462828169271164945
1462828169220792320
1462828169174691840
1462828168826523658
1462828168524402689
1462828168134463496
1462828168033755144
1462828168000253963
1462828167845105672
1462828167425626114
1462828167379533827
1462828167228542993
1462828166926405632
1462828166821683205
1462828166658068493
1462828166595198982
1462828166561472512
1462828166397976584
1462828166247063569
1462828165609377793
1462828165538136068
1462828165231960064
1462828164799942661
1462828164770680840
1462828164472844288
1462828163961139200
1462828163835310081
1462828163667484674
1462828163596263430
1462828163021656068
1462828162585444353
1462828162182696966
1462828161998069760
1462828161788436484
1462828161641730049
1462828161155141645
1462828160769302539
1462828160748302338
1462828160186298380
1462828159829786627
1462828159783559172
1462828159188049931
1462828159104176139
1462828158734929924
1462828158604959745
1462828157770379270
1462843313455652866
1462843313313226760
1462843313275420681
1462843313191587844
1462843312910462980
1462843312595951621
1462843312579223554
1462843311987871746
1462843311589318660
1462843311425732612
1462843311035662342
1462843310402420752
1462843310402375682
1462843309940948997
1462843309324443662
1462843309207040004
1462843308624039946
1462843308405760002
1462843308187668481
1462843307982270471
1462843307684515840
1462843307520888836
1462843307206365189
1462843307114082316
1462843306262642688
1462843306191331329
1462843305906081799
1462843305872531465
1462843305511817217
1462843305369219076
1462843305260158981
1462843305226428423
1462843302554718213
1462843302487765002
1462843301967585283
1462843301862727684
1462843301791420423
1462843301757739011
1462843301690843141
1462843301644615687
1462843301489348608
1462843301388771334
1462843301338365954
1462843301246165003
1462843300117823494
1462843300050878464
1462843299073609729
1462843299018989579
1462843298943537156
1462843298826133516
1462843298532380673
1462843298255712265
1462843298066874370
1462843298016636945
1462843298016550923
1462843297609748485
1462843297068634117
1462843296905150470
1462843296854597637
1462843296770924548
1462843296632303620
1462843296628330498
1462843296351465477
1462843296166789123
1462843295890030595
1462843295785226248
1462843295546191880
1462843295474798601
1462843294694526976
1462843294547906568
1462843294434697217
1462843294208061442
1462843294132715524
1462843294040342530
1462843293188907012
1462843293037965315
1462843292945567745
1462843292681490432
1462843292354285572
1462843291641298951
1462843291288969223
1462843291246940161
1462843290965917699
1462843290382860291
1462843290110287875
1462843289644769280
1462843289628028932
1462843289569304577
1462843289263128578
1462843289015574528
1462843288352870405
1462843288311013377
1462843287677456387
1462843287497289731
1462843287002226689
1462843286373163008
1462843285496549388
1462843285437923337
1462843285244764162
1462843285114920962
1462843285010059274
1462843284548579329
1462843284141735937
1462843284120813569
1462843283432886273
1462843283189682190
1462843283168768019
1462843282938028033
1462843282187120647
1462843282032140295
1462843282027859974
1462843281923059723
1462843281851793413
1462843281436463116
1462843281302343684
1462843281222557699
1462843281109397504
1462843279876280328
1462843279817519106
1462843279565672448
1462843279481966600
1462843279444258816
1462843279154855952
1462843278794137601
1462843278257270795
1462843278164963333
1462843277858721796
1462843277787471881
1462843277510688768
1462843277489569797
1462843277317599232
1462843277288394753
1462843277120520202
1462843276378189832
1462843276260564992
1462843275853942786
1462843275283341316
1462843275153494021
1462843274620715014
1462843274247421959
1462843273714843650
1462843273018585098
1462843272863301644
1462843272749936643
1462843271969972227
1462843271965777921
1462843271785418765
1462843271730847756
1462843271395299338
1462843270887735298
1462843270585851906
1462843270581555204
1462843270535561224
1462843270204112901
1462843269914767365
1462843269881253895
1462843269746937856
1462843269742743552
1462843269528883205
1462843268756951047
1462843268299907072
1462843268291600388
1462843268245463045
1462843268203433984
1462843268056723467
1462843267935252480
1462843267683393552
1462843267368820737
1462843267079454720
1462843267003957249
1462843266601213954
1462843265472991236
1462843265116430342
1462843265108033552
1462843264697085955
1462843264273465345
1462843263845646342
1462843263665254406
1462843262994108420
1462843262960553985
1462843262918541315
1462843262830804992
1462843262444707841
1462843262356664327
1462843262289465349
1462843262104915974
1462843261475688449
1462843261178224642
1462843260976734211
1462843260972453894
1462843260817362948
1462843260418801672
1462843259827277828
1462843259689095168
1462843259344936963
1462843259022159874
1462843258644701185
1462843258489516032
1462843258367844361
1462843257449156608
1462858413319331843
1462858413277384708
1462858412488863746
1462858412283342852
1462858412216274944
1462858412132237312
1462858411956228099
1462858411645804548
1462858411561922564
1462858411402534915
1462858411016704005
1462858410756657158
1462858410706145281
1462858410572103685
1462858410425204747
1462858410358095875
1462858410039328774
1462858409657573377
1462858409506742278
1462858409439645698
1462858408978042881
1462858408416137217
1462858408038707208
1462858407841615878
1462858407690522629
1462858407334105089
1462858407296204802
1462858407266951172
1462858407241728001
1462858407136870407
1462858406952325133
1462858406620971009
1462858406222606342
1462858406193074178
1462858405559750664
1462858404972564483
1462858404775575553
1462858404746178562
1462858404263776260
1462858404041474058
1462858404016312323
1462858403429199882
1462858403420717061
1462858403257139200
1462858403093618691
1462858402896429061
1462858402707779590
1462858402506362889
1462858401961160711
1462858401831079960
1462858401826762753
1462858401801719808
1462858401487196170
1462858401260601345
1462858400384143362
1462858400304283653
1462858400182661121
1462858400036012038
1462858399964704769
1462858398999924744
1462858398798520324
1462858398358294528
1462858398274396163
1462858397603225602
1462858396399325185
1462858396063997954
1462858395963297797
1462858395799674893
1462858395736756227
1462858395673776129
1462858395015421955
1462858394746953735
1462858394218512392
1462858393874358273
1462858392876290048
1462858392314261506
1462858392121262086
1462858391987134468
1462858391517229056
1462858391357960194
1462858391299231749
1462858391273934848
1462858390128848899
1462858390061858824
1462858390049370116
1462858388845510658
1462858388514254849
1462858388250013699
1462858387964633091
1462858387830550541
1462858387411156995
1462858387079766016
1462858387062931456
1462858386597416960
1462858385955581955
1462858385557266440
1462858385129361413
1462858384965730305
1462858384940552194
1462858384592490499
1462858384542216200
1462858384215052292
1462858383841759237
1462858383598358530
1462858383422214146
1462858383279673344
1462858383128731650
1462858382663200768
1462858382386380805
1462858381622919181
1462858381518000129
1462858381497184259
1462858381132238860
1462858380054175755
1462858379643215876
1462858379563614209
1462858379441885192
1462858379412623371
1462858379056009224
1462858378544402441
1462858378183680005
1462858377990651905
1462858377500020745
1462858377369956356
1462858377357185026
1462858377273487367
1462858377223184384
1462858377055383552
1462858377000804366
1462858376405258245
1462858376162033666
1462858375713198082
1462858375562153987
1462858375482548232
1462858375201443847
1462858375130136579
1462858375037870082
1462858373871943680
1462858373242802181
1462858373062344705
1462858373020454913
1462858372856885251
1462858372697530370
1462858371451793410
1462858371028197381
1462858370969391104
1462858370856243204
1462858370696855557
1462858370508115975
1462858370436808704
1462858369568497666
1462858369400721408
1462858369392390145
1462858369367171076
1462858369262358539
1462858369262305292
1462858369228754945
1462858368897400837
1462858368880717824
1462858368867975168
1462858368851316741
1462858368679297032
1462858368586956802
1462858367676866572
1462858366842191876
1462858366137548806
1462858366045331470
1462858365357346827
1462858365311373318
1462858365298786322
1462858365282013194
1462858364724006914
1462858364413788165
1462858364094980097
1462858363570688000
1462858363360972802
1462858363155398675
1462858362937298950
1462858362572390406
1462858362228551692
1462858361989439489
1462858361637068810
1462858361406427137
1462858361330970629
1462858361150529549
1462858360773136384
1462858360462659584
1462858360425009152
1462858359879704578
1462858359649021955
1462858359498059785
1462858359477055492
1462858358692757505
1462858358545911811
1462858358512402434
1462858358277525509
1462858358206046211
1462858357946163206
1462858357371510787
1462858357254070272
1462873512163614729
1462873511488212995
1462873510762598404
1462873510598963201
1462873510305402884
1462873509894443010
1462873509617614855
1462873509609324549
1462873509386989572
1462873509286367236
1462873509227470849
1462873509080801280
1462873508610981890
1462873508330065930
1462873508275535874
1462873508078395392
1462873507445063688
1462873507185012746
1462873506605985793
1462873506421555202
1462873505427382273
1462873505377267722
1462873505251278850
1462873504521629697
1462873504274128901
1462873504202870796
1462873503867224072
1462873503682551812
1462873503527542785
1462873503187673090
1462873502923603978
1462873502567043077
1462873501631586305
1462873501606555650
1462873501405220875
1462873501380091905
1462873501367472132
1462873501233209352
1462873501174579211
1462873501128396805
1462873501115858952
1462873500327231490
1462873500092403718
1462873499987439617
1462873499828162563
1462873499760926722
1462873499136147462
1462873498699902980
1462873498477596685
1462873498230079493
1462873498167222282
1462873497999400968
1462873497647161353
1462873497613615118
1462873497596833797
1462873497512853506
1462873497475198988
1462873497412288512
1462873496812494856
1462873496720187394
1462873496397094915
1462873496380346369
1462873495831035904
1462873495470288901
1462873495264804867
1462873495210184708
1462873495013052431
1462873493951942658
1462873493389942794
1462873492957765633
1462873492676882439
1462873492404281358
1462873492114882562
1462873492114718720
1462873491791925253
1462873491242430479
1462873490743304201
1462873490697113606
1462873490558791690
1462873490474819590
1462873490248327171
1462873488881074180
1462873488809771013
1462873488549634048
1462873488524562433
1462873488071536648
1462873487949848576
1462873487459061760
1462873487362641925
1462873487199121412
1462873487031291904
1462873486838439943
1462873486788108291
1462873486431592450
1462873486322511873
1462873485957599241
1462873485802364930
1462873485680820237
1462873485605150721
1462873485059973126
1462873484304941056
1462873484212817927
1462873483390722060
1462873483101282309
1462873482715447310
1462873482128207883
1462873482027585543
1462873481788469252
1462873481641664514
1462873481595527178
1462873480521605121
1462873480081330177
1462873479523577857
1462873479083171845
1462873479037001728
1462873478621806593
1462873478051205120
1462873478042988546
1462873477870931974
1462873477770321924
1462873477661315072
1462873477334061061
1462873476977491971
1462873476910440448
1462873476533006346
1462873476499488774
1462873476428144640
1462873476033884164
1462873475568353284
1462873475417137153
1462873475178242057
1462873474964332545
1462873474955988998
1462873474469400581
1462873474213556226
1462873473844396041
1462873473156583438
1462873472993013762
1462873472988680196
1462873472871407621
1462873472326160393
1462873472175067147
1462873472053481483
1462873471319519233
1462873470644195330
1462873470388391943
1462873470287503362
1462873470140919818
1462873469964718088
1462873469926977537
1462873469335572491
1462873469159358475
1462873469029388301
1462873468756660225
1462873468421169173
1462873467871715339
1462873467619921925
1462873467238461446
1462873467108405255
1462873467053821955
1462873466735058946
1462873466659561481
1462873466646970370
1462873465493536773
1462873465174831107
1462873464847667207
1462873464625410060
1462873464583372814
1462873464411463682
1462873464210137095
1462873464205889537
1462873463870341128
1462873463618744324
1462873463245398025
1462873463044116483
1462873463010566150
1462873462972850180
1462873462733746180
1462873462175944720
1462873462171652105
1462873461735444486
1462873460812783619
1462873460217102336
1462873459474800647
1462873459445407749
1462873459302682627
1462873459202174983
1462873458682048518
1462873458182873105
1462873458010992646
1462873457998315522
1462873457809580040
1462873457646084097
1462873457558016003
1462873457486618635
1462873456933056523
1462873456907849730
1462873456710586374
1462873456379322376
1462873456291172353
1462888611725164550
1462888611720871941
1462888611565682688
1462888611339251720
1462888611267891208
1462888610093539328
1462888609233739788
1462888608852066304
1462888608759783432
1462888608738775053
1462888608470212608
1462888608252182531
1462888607648202757
1462888607627231240
1462888607610462208
1462888607404937220
1462888606981312522
1462888606268280839
1462888606012522498
1462888605857243138
1462888605668581378
1462888605563731977
1462888605265838083
1462888604376748032
1462888604318027790
1462888603189665799
1462888603189592069
1462888602925416449
1462888602883534860
1462888602145366025
1462888602107617288
1462888601981788177
1462888601847541765
1462888601792954369
1462888601608462339
1462888601260277762
1462888601151152131
1462888600677322753
1462888600601874435
1462888600534720515
1462888600509558787
1462888600052408326
1462888600052375553
1462888599859433476
1462888599742029825
1462888599666446346
1462888599616114688
1462888599502868483
1462888599360311298
1462888599272099840
1462888599171391488
1462888599108608011
1462888598865334287
1462888598685077510
1462888598445854720
1462888598370410498
1462888598181658628
1462888598093639688
1462888598026395653
1462888597925904384
1462888597611171842
1462888597460242435
1462888597284081670
1462888597217067010
1462888596797472769
1462888596701007874
1462888596579373061
1462888596222971907
1462888596139094030
1462888596105568267
1462888596017487874
1462888595920982024
1462888595623071746
1462888595606355971
1462888595354796044
1462888595224629248
1462888595010637827
1462888594343870478
1462888594134036485
1462888594025201665
1462888593832226820
1462888593693855754
1462888593664393225
1462888593584791556
1462888593249161217
1462888593186340869
1462888593186242561
1462888592842190851
1462888592750043136
1462888592687222786
1462888592506769416
1462888592020320265
1462888591827296264
1462888591814709249
1462888591567335436
1462888591428886531
1462888591328100353
1462888591319777282
1462888590552322063
1462888590535315457
1462888590476824577
1462888590451650568
1462888590275330050
1462888589793107985
1462888589268635651
1462888587733749763
1462888587649855494
1462888587557548037
1462888587377188864
1462888587192639491
1462888587159080965
1462888586844557313
1462888586764767232
1462888586693459975
1462888586630598657
1462888586353774592
1462888585573642240
1462888585460338689
1462888585439453188
1462888585070358531
1462888584998969354
1462888584520810498
1462888584495734790
1462888583937896457
1462888583854018568
1462888583635816449
1462888583535099906
1462888583501647876
1462888583237443591
1462888582901911552
1462888582801199112
1462888582474043397
1462888582188781572
1462888582121730055
1462888581626748932
1462888581538750480
1462888581467455495
1462888581052067844
1462888580750221315
1462888579995254788
1462888579798081537
1462888579638743043
1462888579244474377
1462888579030568970
1462888578887864352
1462888578053201925
1462888577885421580
1462888577566707719
1462888577528963079
1462888577315057674
1462888576325148675
1462888575985500165
1462888575159214083
1462888574907564044
1462888574051926016
1462888573917614092
1462888573280169991
1462888573200441352
1462888573150113798
1462888573045288963
1462888572839768073
1462888572558745600
1462888572223205376
1462888572114063367
1462888571933802498
1462888571896012802
1462888571568902146
1462888571308814339
1462888570998378508
1462888570989867008
1462888570855772168
1462888570851573762
1462888570549673993
1462888570092507155
1462888570025390088
1462888569874395144
1462888569744232448
1462888569706536961
1462888569471750160
1462888569358274562
1462888568947363840
1462888568779587590
1462888568607625221
1462888568234418179
1462888567890489348
1462888567378698244
1462888567198429188
1462888567198339077
1462888566959198211
1462888566883823621
1462888566879657989
1462888566724431878
1462888566229553162
1462888565784907780
1462888565742915588
1462888565621284869
1462888565466148867
1462888565390688260
1462888565390684162
1462888565281591301
1462903711517261835
1462903711257309186
1462903711223607302
1462903711219466252
1462903711160680449
1462903710976299020
1462903710657376260
1462903710372220928
1462903710133075970
1462903709952847873
1462903709894066182
1462903709818568706
1462903709789159425
1462903709596360712
1462903708841398272
1462903708807835658
1462903708136747011
1462903708065402883
1462903707788398598
1462903707146797064
1462903707096563716
1462903707054575616
1462903706584682497
1462903706555408389
1462903706438062082
1462903706282864647
1462903706203131904
1462903705691430921
1462903705167183873
1462903704873582597
1462903704416395274
1462903703841685513
1462903703707471876
1462903703225221130
1462903702931611648
1462903702868705292
1462903702809894916
1462903702482677762
1462903702197612553
1462903701895401475
1462903701354471431
1462903701031505925
1462903700985454592
1462903700570226694
1462903700498886661
1462903700469473284
1462903700259627008
1462903700050124800
1462903699949428741
1462903699907436546
1462903699764772869
1462903699194486798
1462903699077017603
1462903698783354880
1462903698502213633
1462903697436987401
1462903697290182661
1462903696824717321
1462903696782680074
1462903696694693888
1462903696497520640
1462903696417824772
1462903696405184512
1462903696401047562
1462903696162017294
1462903695927037952
1462903695809593344
1462903695700602885
1462903695310352389
1462903695281205254
1462903695205711882
1462903694479925252
1462903694400184322
1462903694052184071
1462903692328382467
1462903692236136468
1462903691619577865
1462903691569160200
1462903691564965890
1462903691351052292
1462903690034098180
1462903689065205773
1462903688989663233
1462903688855531525
1462903687651594244
1462903687337037828
1462903687068672006
1462903687056134146
1462903686854815744
1462903686280134659
1462903686091313153
1462903685973950468
1462903685793546250
1462903685172891660
1462903684879241218
1462903684191428617
1462903684103163907
1462903683868512260
1462903682048139272
1462903682002006016
1462903681729372162
1462903681662259203
1462903681389637635
1462903681347727362
1462903681242832907
1462903681200930827
1462903681112678400
1462903681075011595
1462903680865345542
1462903680517160967
1462903680462688262
1462903679959318529
1462903679929958404
1462903679854514181
1462903679342817287
1462903679288233989
1462903678969524226
1462903678457860101
1462903678126501897
1462903678097108997
1462903677459517444
1462903677266665476
1462903676851437569
1462903676838760448
1462903676612198400
1462903676536868876
1462903676381511684
1462903676213903365
1462903676150951945
1462903675844714507
1462903675769307139
1462903675526037516
1462903675265990667
1462903674825580545
1462903674733219856
1462903674477367307
1462903674360012800
1462903674343145477
1462903673890222080
1462903673407737857
1462903673374314501
1462903672996835329
1462903672887726088
1462903672694841349
1462903672346718218
1462903672241807362
1462903672195661827
1462903672010985475
1462903671973453830
1462903671923134464
1462903671658729473
1462903671600123913
1462903671587495947
1462903670744383497
1462903670715351040
1462903669763067904
1462903669540728839
1462903669448491014
1462903669280628739
1462903669213569024
1462903668936749056
1462903668752011264
1462903668303405065
1462903668110413828
1462903667934257154
1462903667875618828
1462903667368075264
1462903666797596673
1462903666751508489
1462903666185322498
1462903666172588038
1462903665912684551
1462903665598124040
1462903665551937538
1462903665304518661
1462903664960581635
1462903664583057415
1462903664301985795
1462903663911919632
1462903663802912768
1462903663672840201
1462903662741803012
1462903662649520128
1462903662574022661
1462903662565543937
1462903662418833416
1462903662154551309
1462903661890318344
1462903661840019458
1462903661496090630
1462903661454143488
1462903661206585347
1462903661198258181
1462903661181521923
1462903660627648516
1462903660111925257
1462903659428261900
1462903659134603266
1462903658970976262
1462903658727686145
1462918810248359942
1462918809971572738
1462918809925337089
1462918809585598465
1462918809463840774
1462918809417924608
1462918808784367618
1462918808721625092
1462918808138625024
1462918807932981249
1462918807618469893
1462918807517908993
1462918807513673735
1462918807064879105
1462918805559005187
1462918805492056074
1462918805458350082
1462918805223444481
1462918805206798343
1462918805076676609
1462918804762083330
1462918804271468547
1462918804229533699
1462918804225372162
1462918804162367489
1462918803977867275
1462918803189338125
1462918803042586636
1462918802656702468
1462918802291757063
1462918802220326915
1462918801574539270
1462918801482293248
1462918801117237250
1462918800811122688
1462918800748257285
1462918799871684614
1462918799796191232
1462918799066378248
1462918799049564162
1462918798760099840
1462918798709866498
1462918798680465419
1462918798458204166
1462918797950652417
1462918797065699336
1462918796444852227
1462918795723423745
1462918795517853699
1462918795379580935
1462918795127894017
1462918794523774983
1462918794490245120
1462918794343550976
1462918793966067721
1462918793395687426
1462918792938405891
1462918792477093894
1462918791755702288
1462918791084580864
1462918790988054534
1462918790929424387
1462918790857908231
1462918790652571655
1462918790493224961
1462918790233182211
1462918790136709122
1462918789633355776
1462918789352280064
1462918789213954061
1462918789155241985
1462918788785991681
1462918788345733123
1462918788270235651
1462918787561316354
1462918787267715082
1462918787183915016
1462918786953068546
1462918786634428416
1462918786273595394
1462918785942233093
1462918785481031686
1462918784818323457
1462918784591843337
1462918784302387208
1462918783920709648
1462918783761195013
1462918783639728130
1462918783190937601
1462918782888951814
1462918782867836931
1462918781928361994
1462918781500637195
1462918781118914569
1462918780976304134
1462918780615630856
1462918780598816775
1462918780514971652
1462918780317749248
1462918780212985856
1462918780011438092
1462918779948593157
1462918779663384577
1462918779629805574
1462918779277647877
1462918778937909248
1462918778711388168
1462918778493317124
1462918778379857923
1462918778187046915
1462918778128322564
1462918777813798918
1462918777788637189
1462918777587191813
1462918777117429763
1462918777092251648
1462918776228360192
1462918776018685958
1462918775171215362
1462918774630207489
1462918774382755840
1462918774366081029
1462918773938212864
1462918773355155457
1462918773187489799
1462918772889632771
1462918772688359429
1462918772373827585
1462918772315103238
1462918771774038017
1462918771757178880
1462918771736154115
1462918771476156421
1462918771102912519
1462918770578661386
1462918769890807808
1462918769764753414
1462918769253224452
1462918768926019585
1462918768900943876
1462918768854720517
1462918768825274368
1462918768540196867
1462918768506585096
1462918768389246977
1462918768250793985
1462918768183726080
1462918768133242886
1462918768124903430
1462918767873339393
1462918767038676998
1462918767021809665
1462918766816280580
1462918766778540037
1462918766174556164
1462918765629353986
1462918765490978817
1462918765373390848
1462918765285359618
1462918765096538115
1462918764731768836
1462918764685578241
1462918764681478151
1462918764320722957
1462918764106850312
1462918762919870475
1462918762835976199
1462918762802339843
1462918762697474051
1462918762697474049
1462918762634661889
1462918762525605896
1462918762521407501
1462918762059821059
1462918762039029764
1462918761875480576
1462918761091002368
1462918761003036673
1462918760722046980
1462918760701083654
1462918760453578758
1462918760088555521
1462918759933431813
1462918759862218752
1462918759539101700
1462918759182573573
1462918758540980241
1462918758289317893
1462918758180261893
1462918756888297472
1462918755978252290
1462918754954878978
1462918754887782400
1462918754778636291
1462918754426232832
1462918753604161541
1462918752627007495
1462918752492834819
1462918752480210944
1462918752404754432
1462933909419831301
1462933908828397576
1462933908782301190
1462933908689989633
1462933908669018113
1462933908589318145
1462933908585172999
1462933908090093571
1462933906324287490
1462933905753788425
1462933905619787788
1462933905565122567
1462933905439350788
1462933904361406470
1462933904264810506
1462933903929393159
1462933903123963913
1462933903103041543
1462933902285234184
1462933901974900739
1462933901786042369
1462933901475729410
1462933900964020225
1462933900796182528
1462933899974045698
1462933899865202690
1462933899579994118
1462933899055550467
1462933898065854470
1462933897977765891
1462933897960898565
1462933897931485185
1462933897872871425
1462933897302315011
1462933896526536713
1462933896513925120
1462933896513916930
1462933895620485127
1462933895456772100
1462933894953504770
1462933894915833858
1462933894785912833
1462933892751630337
1462933891925389314
1462933891677929472
1462933891627376644
1462933891229134854
1462933891103211524
1462933890813865986
1462933890411106306
1462933890251862021
1462933889899499524
1462933889756762118
1462933889358442501
1462933889111011334
1462933889043869704
1462933888963997696
1462933888809017354
1462933888586731526
1462933888557207556
1462933887802220546
1462933887668174849
1462933887579947009
1462933887496171521
1462933887491842054
1462933886833336324
1462933886611050498
1462933886435004421
1462933886007193613
1462933885973454856
1462933885952659456
1462933885948358659
1462933885805899785
1462933885746958337
1462933885386321921
1462933885050785796
1462933884832735235
1462933884618874890
1462933884576931843
1462933884224606211
1462933884216037377
1462933883482034179
1462933883419250692
1462933883234799623
1462933882823593985
1462933882723094533
1462933881615699971
1462933881556975618
1462933881355702279
1462933881078697984
1462933880827228162
1462933879728267264
1462933879308886018
1462933879094980611
1462933878587412484
1462933878537179137
1462933878059028486
1462933877199192069
1462933877064876035
1462933876548857857
1462933876511174664
1462933875328385029
1462933874602913798
1462933874586144774
1462933874363682820
1462933874342871040
1462933874288336897
1462933874053423108
1462933872656760835
1462933872539226119
1462933872346292230
1462933872115605511
1462933871956221953
1462933871926779907
1462933871314587655
1462933871087996929
1462933870882480130
1462933870769160196
1462933870588964873
1462933870211485701
1462933870114865152
1462933869762654209
1462933868550438913
1462933868055613443
1462933867950587904
1462933867917160457
1462933867443204098
1462933866008612864
1462933865094336513
1462933865073455105
1462933864033226753
1462933863546511370
1462933863081013254
1462933862628139017
1462933862426701825
1462933862154186756
1462933861977919494
1462933861952720897
1462933861785079815
1462933861445234691
1462933861344722944
1462933860421939200
1462933860052881409
1462933859897688064
1462933859725676546
1462933859390083073
1462933859067056135
1462933858358333451
1462933858148655115
1462933857678675968
1462933857582395401
1462933857305448451
1462933856865112074
1462933855963422722
1462933855762014209
1462933854499520518
1462933854323236864
1462933854306537474
1462933854046638088
1462933853958410246
1462933853073559552
1462933852989444096
1462933852985430017
1462933852784058373
1462933852670808066
1462933852473729030
1462933852033273856
1462933851949264897
1462933851576094723
1462933851202854920
1462933850309410816
1462933850254938112
1462933849969672201
1462933849642610695
1462933849424470016
1462933849005072388
1462933848849854465
1462933847868329984
1462933847339937792
1462933847096631299
1462933846907764737
1462933846685536266
1462933845960007683
1462933845959979011
1462933845544603651
1462933845364334592
1462933845133692928
1462933845058199554
1462933844651384839
1462933844231819264
1462933843774689283
1462933842751279104
1462933841300135942
1462933840515813379
1462933840410951681
1462933839848910848
1462933839391735811
1462933839282589699
1462933839060238348
1462933838959575047
