1463673785748500485
1463673785429594112
1463673785119227908
1463673785047924744
1463673784909676544
1463673784863539204
1463673784800587778
1463673784737611780
1463673784339030018
1463673783592660993
1463673783558967299
1463673783038918657
1463673782804127744
1463673782736936962
1463673782611103751
1463673782434877446
1463673782191726603
1463673781591891969
1463673781533216777
1463673781478899712
1463673780153335813
1463673778517463051
1463673778014195714
1463673777724833792
1463673777569550337
1463673776583819264
1463673776521060355
1463673776500060167
1463673774205804545
1463673773803008003
1463673773354360838
1463673773056536583
1463673772859293696
1463673771689226240
1463673770401480705
1463673770359631873
1463673770321887235
1463673770321850372
1463673769692745734
1463673769428410370
1463673768925175809
1463673768665141257
1463673768098746371
1463673767700443140
1463673767251660805
1463673767113019395
1463673766895136771
1463673766836375553
1463673766655971334
1463673766362365952
1463673766253322240
1463673765632557058
1463673765229780993
1463673765032706049
1463673764911091716
1463673764877533184
1463673764856614919
1463673764273659907
1463673763904512001
1463673762679701505
1463673762516111361
1463673761970806787
1463673761316716548
1463673761190744067
1463673761136185349
1463673760389779458
1463673760305725453
1463673760058335235
1463673759479521281
1463673759408218112
1463673759378804736
1463673758753996800
1463673758158307329
1463673757625729033
1463673757210456071
1463673756975521796
1463673756870660098
1463673756703162368
1463673756338069508
1463673755767615495
1463673755696341002
1463673755654406146
1463673755356774400
1463673754861645825
1463673754857480204
1463673753976647681
1463673753615937538
1463673752823214086
1463673752567361540
1463673751543980037
1463673751355154432
1463673751086710786
1463673750516236293
1463673750331682819
1463673749757214726
1463673749702524931
1463673749157392388
1463673748842815490
1463673747890712591
1463673747702001664
1463673747660062724
1463673747324514307
1463673747131543565
1463673747077013505
1463673747076956164
1463673746711986179
1463673746514919428
1463673745499820033
1463673744967278596
1463673744870842370
1463673744619098119
1463673744413634568
1463673743876792323
1463673743692210176
1463673743180455938
1463673742748528651
1463673742689587200
1463673741691527168
1463673741590896644
1463673741536161801
1463673741389488136
1463673739543994370
1463673739401437186
1463673739242090499
1463673738457534470
1463673737845301248
1463673737782472712
1463673737765548032
1463673736901672962
1463673736725512196
1463673736561836041
1463673735777501186
1463673735391547392
1463673734573793299
1463673734280237059
1463673734041161730
1463673733730680832
1463673733693034500
1463673733533429764
1463673732497649665
1463673732275257351
1463673731889262597
1463673731612561416
1463673731272916993
1463673731000250375
1463673730933178368
1463673730895331331
1463673730383687680
1463673730220142594
1463673730148745220
1463673729976778757
1463673729779523584
1463673729326665730
1463673729263747082
1463673728697606146
1463673728227848193
1463673727451815936
1463673727279796225
1463673726910619655
1463673726235549700
1463673726059249667
1463673725899853825
1463673725786669059
1463673725677678594
1463673725593604105
1463673725052760075
1463673725023313921
1463673724767404038
1463673724528381957
1463673724457029632
1463673724457025538
1463673723911823361
1463673723614117893
1463673723211419658
1463673722490040320
1463673721428709379
1463673721424654342
1463673720543879168
1463673720510291971
1463673720363491334
1463673720245944320
1463673718891327495
1463673717876137984
1463673717595295745
1463673717339394052
1463673715170979841
1463673715099635712
1463673714843656195
1463673713837105153
1463673713753092096
1463673712629194754
1463673712574611459
1463673712478240772
1463673711270277123
1463673710183919617
1463673710121046016
1463673708917231622
1463673708690624518
1463673708539699201
1463673708506226691
1463688885377110017
1463688885204963337
1463688885137903620
1463688884739457030
1463688884621955074
1463688884148047873
1463688883955138563
1463688883657449479
1463688883195953153
1463688882499825664
1463688881338003456
1463688880520052737
1463688880088137730
1463688879865667584
1463688879651893251
1463688879085662209
1463688878846464001
1463688878431297541
1463688878188113926
1463688878104227845
1463688877907091460
1463688877416271880
1463688876598439941
1463688876376178688
1463688876350869506
1463688875994492933
1463688875906318341
1463688875524698117
1463688874966884355
1463688874568212481
1463688873968603140
1463688873905516544
1463688873410580484
1463688872852787202
1463688872647438345
1463688872374722563
1463688872336916480
1463688872227917827
1463688872223719428
1463688872102084609
1463688871473000455
1463688871229722627
1463688871015862272
1463688870462119936
1463688869950406660
1463688869946220550
1463688869723865091
1463688869694611461
1463688869539368965
1463688869413543943
1463688868989919232
1463688868792700931
1463688868587192322
1463688867651883016
1463688867618471939
1463688867496828938
1463688866968203266
1463688865751908362
1463688865315622923
1463688865009455108
1463688864661327875
1463688864535494656
1463688864497868800
1463688864489476100
1463688864288030720
1463688864124399616
1463688863218483201
1463688862929145857
1463688862622904325
1463688862484500483
1463688861993865218
1463688861859528715
1463688861746438145
1463688861457031171
1463688861402509318
1463688861377171460
1463688861230538763
1463688860651737093
1463688859846275076
1463688859003334667
1463688858738909187
1463688858650898435
1463688857811963907
1463688857069580292
1463688856444850177
1463688855484305421
1463688855450759172
1463688855144468480
1463688854813220864
1463688854586621954
1463688854578372614
1463688854028886022
1463688854028750848
1463688853718503428
1463688853710163968
1463688853399691272
1463688853152100353
1463688851847847941
1463688851738791948
1463688851168403463
1463688850472058880
1463688849968803844
1463688849910112264
1463688849792671746
1463688849708576769
1463688849658425346
1463688849499074575
1463688849146609669
1463688848316248065
1463688848202862592
1463688846994903044
1463688845942132736
1463688845766004743
1463688845636128768
1463688844646096897
1463688844297969664
1463688844180606981
1463688843622813697
1463688843425566722
1463688842259562497
1463688842213474307
1463688841861251074
1463688841777188866
1463688841676525569
1463688841664073733
1463688841328422913
1463688840577650689
1463688840514662403
1463688840334372864
1463688839969521667
1463688839919071233
1463688839663435778
1463688839583735811
1463688839181271040
1463688839172550656
1463688838757457920
1463688838060986370
1463688837981372417
1463688837750734852
1463688836983177217
1463688836953739266
1463688836844863494
1463688836530192389
1463688835666092036
1463688835599155200
1463688835473281029
1463688835330682882
1463688835016052739
1463688834928058370
1463688834726699012
1463688834370224140
1463688834273583108
1463688834177191937
1463688833975816194
1463688833921425410
1463688833753518081
1463688833657155585
1463688833522831363
1463688833107693570
1463688833090797576
1463688832298192904
1463688832067547141
1463688831987863555
1463688831824244745
1463688831484452865
1463688830201077760
1463688829747949572
1463688828653387776
1463688827869057030
1463688827797753876
1463688827088691202
1463688826082181125
1463688825952210945
1463688825859829763
1463688825427824643
1463688825406951428
1463688825364836359
1463688824874094603
1463688824760983559
1463688824626851843
1463688824375037953
1463688824236621824
1463688824186454021
1463688823674527744
1463688823221723137
1463688823217426438
1463688821220986883
1463688820944105475
1463688819794923523
1463688819291664384
1463688819237171200
1463688819111305216
1463688818809135106
1463688818603831304
1463688817714470913
1463688817588809730
1463688816494055426
1463688816380854272
1463688816347258880
1463688816049414149
1463703984842158086
1463703984779137031
1463703984481394693
1463703984452120580
1463703984380731393
1463703984296759299
1463703984116486151
1463703983822757890
1463703983642525700
1463703983545982976
1463703983193657351
1463703983155933193
1463703982975565831
1463703982942359552
1463703982648410115
1463703982623264775
1463703982275272707
1463703982191222784
1463703982170198021
1463703981750894592
1463703981742379010
1463703981578850307
1463703981453037576
1463703981364953088
1463703981352382468
1463703981113417731
1463703981088251908
1463703980798889987
1463703980769374213
1463703980320591873
1463703980169740290
1463703979884523524
1463703979875979265
1463703979393789955
1463703979242639361
1463703979205005321
1463703978961686535
1463703978928074758
1463703978802237443
1463703978789597189
1463703978504507392
1463703978286350339
1463703978164817927
1463703977728479233
1463703977397157889
1463703977359515655
1463703977342689284
1463703977111945217
1463703976579272705
1463703976134811652
1463703975937523714
1463703975929204740
1463703975912345600
1463703975740456960
1463703975463641095
1463703974998163470
1463703974717001730
1463703974427566084
1463703974314319873
1463703974008266752
1463703973433688066
1463703972972142597
1463703972754046978
1463703972737208327
1463703972661927944
1463703972598796289
1463703972343128070
1463703972254937088
1463703972238086151
1463703972116578305
1463703971827052547
1463703971327926272
1463703970929524739
1463703970883334155
1463703970753380356
1463703970300321802
1463703969968975872
1463703969893695491
1463703969730023425
1463703969495228422
1463703969340002312
1463703969213997056
1463703968891105280
1463703968513765377
1463703968274522113
1463703968102502401
1463703967725232132
1463703966991147017
1463703966890414083
1463703966399664129
1463703966265618432
1463703966210998277
1463703966198370308
1463703966160764928
1463703966072852480
1463703965942497287
1463703965397184513
1463703965216903172
1463703964751331330
1463703964717776896
1463703964478685184
1463703964344455171
1463703964147326981
1463703963824492544
1463703963778248706
1463703963191099398
1463703963178471426
1463703963069341706
1463703962922590208
1463703962264031232
1463703961949462529
1463703961848795137
1463703961647656965
1463703961228222468
1463703961194614785
1463703961047871489
1463703960850628614
1463703960749965312
1463703960745693184
1463703960556949504
1463703960536039428
1463703959219097609
1463703958652870659
1463703957927247873
1463703957918797831
1463703957616816130
1463703957339971584
1463703957029666817
1463703956790517763
1463703956316725249
1463703955624665089
1463703954999623690
1463703954328485896
1463703954257240065
1463703953724616709
1463703953607061508
1463703953376374788
1463703953284100097
1463703952961146883
1463703952462020610
1463703952013340682
1463703951992258561
1463703951895715846
1463703951652630529
1463703951631470600
1463703951514251269
1463703951488999424
1463703951325286409
1463703951153328129
1463703950780248069
1463703950650081286
1463703950465503233
1463703949714747399
1463703949509206018
1463703949333041159
1463703948750032904
1463703948678680576
1463703948146012160
1463703948062298113
1463703947579781124
1463703947114430466
1463703947038769153
1463703947009351680
1463703946912878598
1463703946783072263
1463703946762014728
1463703946636115972
1463703946481000455
1463703946476892165
1463703946292203523
1463703946040512514
1463703945948188678
1463703945902182403
1463703945881264133
1463703945851785216
1463703945491017729
1463703945444933632
1463703944924860423
1463703944878702597
1463703944681738245
1463703944673255424
1463703944534761473
1463703944333565956
1463703944090341377
1463703944027426818
1463703943893045253
1463703943813423109
1463703943729451011
1463703943725436932
1463703943369072640
1463703943154843649
1463703942983041027
1463703942265655301
1463703941921656838
1463703941665853440
1463703941460361218
1463703940927733765
1463703940332089345
1463703939958726657
1463703939854053379
1463719084487446530
1463719083967279106
1463719083849961473
1463719083384442883
1463719082738565127
1463719082448998400
1463719081656291336
1463719081618542601
1463719081446715394
1463719080565817349
1463719080003731457
1463719079945015303
1463719079743672322
1463719079479492610
1463719078661607429
1463719078321868801
1463719078053351426
1463719077990518787
1463719077688471561
1463719077625700359
1463719077340278785
1463719076962787349
1463719076845346824
1463719076610469888
1463719076572778504
1463719076467908609
1463719076451205120
1463719076430336001
1463719076400795649
1463719076358991878
1463719076103139335
1463719075553579013
1463719075457110016
1463719075423473673
1463719074286878723
1463719073095634948
1463719073011757061
1463719072483315712
1463719072206442496
1463719072185700352
1463719071799726083
1463719071682207746
1463719071510249474
1463719071237742594
1463719071162290183
1463719070541381632
1463719070348591104
1463719070319132679
1463719070298038275
1463719069895516162
1463719069488754689
1463719069413117962
1463719069174022146
1463719066892324869
1463719066372243457
1463719065982156800
1463719065709694987
1463719064619171842
1463719064530931712
1463719064379920389
1463719064317022213
1463719063423700997
1463719063109058569
1463719062878498831
1463719062509273089
1463719062354100225
1463719062098358274
1463719061993385985
1463719061645365254
1463719061557321734
1463719061511020552
1463719061217419271
1463719061200637954
1463719061070782466
1463719060902924288
1463719060789764101
1463719060655378433
1463719060370300929
1463719058600173572
1463719058428215302
1463719058310893569
1463719058226827268
1463719057954570240
1463719056616349701
1463719056129863680
1463719055433601024
1463719055425085442
1463719055156776966
1463719055005679630
1463719054682689540
1463719054636630016
1463719054632493059
1463719053747359749
1463719053122752512
1463719052300464130
1463719052275331072
1463719051427934210
1463719051201417220
1463719050836692992
1463719050803036161
1463719050358439936
1463719050295578625
1463719049259626504
1463719049230426113
1463719049183973382
1463719048781254660
1463719048533843979
1463719048114421761
1463719047766294530
1463719047762165769
1463719047493820416
1463719047363588104
1463719047095279616
1463719046608678913
1463719046516555785
1463719046403092491
1463719045761363969
1463719045568471047
1463719044444733441
1463719044024991746
1463719043710570505
1463719043626590210
1463719043576250371
1463719043517620226
1463719043232321537
1463719043190382598
1463719042984787971
1463719042364190725
1463719041982472203
1463719041470709760
1463719041437253636
1463719041344835586
1463719041122635778
1463719041055412233
1463719040447180809
1463719040417894406
1463719040099110916
1463719039763628036
1463719039495073797
1463719038274527232
1463719036949258240
1463719036630364160
1463719035649069062
1463719035250429960
1463719035049238533
1463719034944434179
1463719034168528907
1463719033992323074
1463719033748930560
1463719033572716546
1463719032603906051
1463719032100573188
1463719031429472261
1463719030502531075
1463719030036914181
1463719029835804672
1463719029584105472
1463719029550501892
1463719029089075200
1463719028548337664
1463719028233363458
1463719028124487681
1463719027751243778
1463719027591847939
1463719027486781444
1463719026903814144
1463719026626949130
1463719025448525824
1463719024748109838
1463719024555143173
1463719024303300615
1463719024294985730
1463719024123068419
1463719023703511047
1463719023619846144
1463719022780764160
1463719022294298633
1463719022042791942
1463719021459566594
1463719021291864065
1463719020813860866
1463719020708839425
1463719020494929922
1463719020461387779
1463719020171972612
1463719019480064000
1463719019299721222
1463719019257733122
1463719019073077248
1463719019039580165
1463719019035258883
1463719018825617411
1463719018418741250
1463719018209357826
1463719017840058371
1463719016992702465
1463719016904765441
1463719016669728768
1463719016447365120
1463719016384512004
1463734184040558593
1463734183998722052
1463734183877132292
1463734183570776068
1463734183356874754
1463734183289769988
1463734181448466437
1463734180437704707
1463734180290908162
1463734180223668226
1463734178646794243
1463734176365137924
1463734176167907328
1463734175828115458
1463734175714979844
1463734175416999938
1463734175006015493
1463734174628474880
1463734174192340995
1463734174028865538
1463734173940649984
1463734173198213121
1463734172858552325
1463734172481064966
1463734172187455490
1463734171155656706
1463734170790862850
1463734170732331008
1463734170522316802
1463734170375622664
1463734170128166914
1463734169498906630
1463734169461149697
1463734169444368384
1463734169239003137
1463734168760684554
1463734168114839553
1463734167171067905
1463734166890049541
1463734166801969154
1463734166390980609
1463734165992529922
1463734165136809985
1463734165078224900
1463734164725850115
1463734164142931969
1463734163740057601
1463734163723493377
1463734162859438082
1463734162356121601
1463734162217738246
1463734162192355331
1463734161760423942
1463734161554886659
1463734161315880965
1463734161303216137
1463734161194176512
1463734160707575810
1463734160556638208
1463734159503872002
1463734159092899840
1463734159025729537
1463734157914349568
1463734156827967490
1463734156517535754
1463734156513341440
1463734156102406148
1463734156085669889
1463734155867426818
1463734155636842496
1463734154692939776
1463734154386939907
1463734152818163715
1463734152549834755
1463734152465895430
1463734151987662850
1463734150926503939
1463734150591037443
1463734149630545929
1463734149261533184
1463734148330254341
1463734147646697477
1463734147491328001
1463734147344699392
1463734147181170690
1463734147021623296
1463734147009200130
1463734146795069440
1463734146455408643
1463734146019127297
1463734145944031232
1463734145759145990
1463734145398366211
1463734145008427012
1463734144966352898
1463734144924405770
1463734144811237378
1463734144630808576
1463734143213314048
1463734143125049348
1463734142663811075
1463734142508670978
1463734142504419328
1463734142194040837
1463734141900529672
1463734141422288900
1463734140071817223
1463734139748765698
1463734139450839040
1463734138893045761
1463734138742190084
1463734137945300996
1463734136993157121
1463734134077939717
1463734133675507713
1463734131733540872
1463734131297337349
1463734131095846921
1463734130877747200
1463734130462519296
1463734130299097091
1463734130122760193
1463734129753686016
1463734127203532808
1463734127077646336
1463734125748269058
1463734125609717765
1463734123906826241
1463734123257004032
1463734123013439491
1463734121704792066
1463734121360867331
1463734121352634371
1463734120845135872
1463734120715067393
1463734120115101697
1463734118752002051
1463734118114422784
1463734117955039241
1463734117380472843
1463734116793438210
1463734116566716421
1463734115857952772
1463734115706961922
1463734115442774016
1463734114893262849
1463734114046128128
1463734113995829249
1463734113995739137
1463734113475731458
1463734112531922945
1463734112406192130
1463734112364072960
1463734112083087365
1463734110879240194
1463734110652968962
1463734109885239298
1463734109705056256
1463734109306458113
1463734109247881223
1463734107830206464
1463734107750510593
1463734107650011136
1463734107578404866
1463734106026438657
1463734105884045319
1463734105707712513
1463734105519099904
1463734105195958275
1463734105078571019
1463734105019805697
1463734104709799937
1463734104399167489
1463734104176971778
1463734102847156225
1463734102809477123
1463734102025113604
1463734100913762310
1463734100649336834
1463734098564980742
1463734097503834118
1463734097432436740
1463734097403072514
1463734097390358528
1463734097344401409
1463734097298313227
1463734096622866437
1463734096127934470
1463734095817682950
1463734095624781824
1463734095494660101
1463734095406641157
1463734094974656514
1463734094857129985
1463734094588747779
1463734094534103040
1463734093439455234
1463734093359636480
1463734093007376384
1463734092965593090
1463749283350462464
1463749283081961473
1463749282805301249
1463749282545037315
1463749281924399109
1463749280154406912
1463749279294672900
1463749277986009090
1463749277734170630
1463749276870324228
1463749276824227846
1463749276702416899
1463749276492836868
1463749276232732672
1463749275876212736
1463749275427303425
1463749275251269632
1463749274458595330
1463749274399739905
1463749274370560005
1463749274144022528
1463749274072764420
1463749272663330832
1463749272415916033
1463749272319442955
1463749272193548290
1463749272025714688
1463749270297882624
1463749270012637186
1463749270000091136
1463749269685366790
1463749269479776259
1463749269412888583
1463749268917735430
1463749268297113603
1463749267273695232
1463749267256872967
1463749266703368196
1463749265940000769
1463749265906298887
1463749265189228550
1463749264996061186
1463749264543207424
1463749264417329153
1463749263553351680
1463749262420946945
1463749262093787137
1463749260441264129
1463749260277596171
1463749260034252805
1463749258889207808
1463749258541105153
1463749258000044032
1463749257735847937
1463749256452268035
1463749256359997442
1463749254757982208
1463749253986238473
1463749252966981636
1463749252736245760
1463749252539166723
1463749252388114434
1463749252375625732
1463749252358623234
1463749251985559552
1463749251788197888
1463749251633070086
1463749251511599111
1463749250844610563
1463749249250705408
1463749248990670853
1463749248734806021
1463749248533598211
1463749248231555072
1463749247434563584
1463749247279509505
1463749247145328640
1463749246985801731
1463749246721556481
1463749246486675457
1463749245891387394
1463749245371129857
1463749244880404482
1463749244179812355
1463749243550978048
1463749242762117121
1463749242447548422
1463749241910665220
1463749241642405888
1463749241612951561
1463749241147310083
1463749240409235457
1463749240400891908
1463749239985500163
1463749239498895361
1463749239385776128
1463749239255617541
1463749238563778566
1463749238509084678
1463749238068813829
1463749237959798784
1463749237473120258
1463749236512546816
1463749235120099330
1463749234981699586
1463749234855972867
1463749232574144512
1463749232276520963
1463749232272289796
1463749231965995011
1463749231580094464
1463749231269744644
1463749231177523200
1463749230904811523
1463749230141521927
1463749229763911680
1463749229394989058
1463749229290172416
1463749229160058880
1463749228539179009
1463749228367335424
1463749228262473728
1463749227826139138
1463749227339735042
1463749226458927105
1463749226198933512
1463749225628504073
1463749225288806403
1463749224453980160
1463749224332464129
1463749223870914565
1463749222663012352
1463749222235197440
1463749221345947650
1463749221086027777
1463749220956094468
1463749219785838596
1463749219143991300
1463749218892492802
1463749218712043520
1463749218137350152
1463749218082897921
1463749217189388290
1463749216317149184
1463749215948091393
1463749214933073920
1463749214572220426
1463749213943119876
1463749213817171969
1463749213422948358
1463749213280428034
1463749212688969731
1463749212668006408
1463749212303028233
1463749212005359619
1463749211607146496
1463749211342712833
1463749211141419011
1463749211099254786
1463749210847604736
1463749209820041219
1463749209245372417
1463749208981204995
1463749208754868229
1463749208473751564
1463749207827697671
1463749207232335874
1463749206921957382
1463749206724648960
1463749206053588993
1463749205873278979
1463749205139197957
1463749205097205767
1463749205042806784
1463749204745011205
1463749204740816899
1463749204363382785
1463749203323236352
1463749202781958148
1463749202610110464
1463749202115055616
1463749202073247749
1463749202043932673
1463749200651460611
1463749200324313089
1463749200148004865
1463749199724376065
1463749198797582336
1463749198675914753
1463749198570876928
1463749198088577029
1463749197958504459
1463749196893208579
1463749196738146309
1463749196687757315
1463749196318658563
1463749196201086980
1463749195370835968
1463749195353972736
1463749194901073920
1463764382702129156
1463764382303895552
1463764382291271685
1463764381834043393
1463764381590822917
1463764381406171136
1463764381402030082
1463764380936552449
1463764380848381956
1463764380835844100
1463764380659568641
1463764380638613508
1463764380428820481
1463764380181581824
1463764379481120773
1463764378419822592
1463764378382004227
1463764378289725450
1463764378285707264
1463764377782218756
1463764377027416065
1463764376926625792
1463764376901591040
1463764376511467520
1463764376272449536
1463764376142462979
1463764376016539653
1463764375089520644
1463764375039197189
1463764374926106626
1463764374737272834
1463764374695337992
1463764374460547074
1463764374452060160
1463764374062080002
1463764373340659713
1463764372816343046
1463764372363386883
1463764372283604999
1463764372065452036
1463764371906125826
1463764371012829184
1463764371004350470
1463764369150468103
1463764368760328198
1463764368709931014
1463764367170805764
1463764366239707141
1463764365916741633
1463764365568446469
1463764365543448579
1463764364255653888
1463764364167548929
1463764364075442176
1463764364071260163
1463764363601457152
1463764363316236291
1463764362653577217
1463764362343043077
1463764361600802818
1463764360958992395
1463764360824860676
1463764360627736580
1463764359725912068
1463764359411548160
1463764359256154115
1463764358870175749
1463764358736003078
1463764358392078336
1463764358236758017
1463764358002102274
1463764357804867588
1463764357586640900
1463764356311699458
1463764355451957253
1463764355435089922
1463764354898305026
1463764354369794050
1463764354311114754
1463764354122366979
1463764352880762885
1463764352738021380
1463764352725618692
1463764352264286219
1463764352180228099
1463764351576334348
1463764351500926978
1463764351387455495
1463764351207153665
1463764350993264644
1463764350989123585
1463764350984933378
1463764350754242560
1463764350548602886
1463764349936353282
1463764349810626562
1463764348766019585
1463764348380274690
1463764347927289865
1463764347507949572
1463764346622906374
1463764346308378625
1463764346123825158
1463764345742053380
1463764344202792962
1463764343737053184
1463764343728877568
1463764342780923905
1463764341983834119
1463764340935299073
1463764340708982787
1463764340167696387
1463764339979014151
1463764339815374853
1463764339656171521
1463764339253383168
1463764339169665024
1463764339140317190
1463764338695720960
1463764338263658498
1463764338246709250
1463764338225856513
1463764338112712707
1463764337479274497
1463764336749559808
1463764336099352577
1463764335885529088
1463764335797354499
1463764335172403201
1463764334497075212
1463764334320881664
1463764333280833538
1463764332911775744
1463764332278267909
1463764331473084421
1463764331431178241
1463764330277896193
1463764330017484804
1463764329983987719
1463764329967149058
1463764329413677057
1463764329371734017
1463764329266880512
1463764328553738242
1463764328260145158
1463764328079781889
1463764327941423106
1463764327781920768
1463764327752634369
1463764327278731267
1463764326913916931
1463764326829805570
1463764326536392709
1463764326464978947
1463764326456700934
1463764326221766658
1463764326196596736
1463764326141947906
1463764325928103944
1463764325601058819
1463764325496078344
1463764325164896256
1463764325101932550
1463764324913074178
1463764324867002370
1463764323902230531
1463764322656702464
1463764322325307392
1463764322325254155
1463764321973022720
1463764320815304704
1463764320077103108
1463764319682764804
1463764319011684352
1463764317799649282
1463764317501857797
1463764317388611592
1463764317329772548
1463764317170458630
1463764316369428480
1463764316130217990
1463764315383681028
1463764315182452738
1463764314989412353
1463764314917990406
1463764314129674242
1463764313789935624
1463764313517092867
1463764313068519425
1463764312225292288
1463764310979579905
1463764310291849217
1463764309075447816
1463764308844765187
1463764308672888837
1463764307099799556
1463764306726584324
1463764305891905542
1463764305438932992
1463764305308966918
1463779481894723584
1463779481542443010
1463779480741330952
1463779480556773381
1463779480544190472
1463779480225206276
1463779480149889029
1463779480124674048
1463779479453638658
1463779479357038599
1463779478837116928
1463779478803390464
1463779477532692482
1463779477394186244
1463779477180207110
1463779476546990083
1463779476450516993
1463779476345610240
1463779475846569986
1463779475368431616
1463779475129262080
1463779474722279428
1463779474684755973
1463779474466426881
1463779474391158786
1463779473959133186
1463779472663093250
1463779472486797312
1463779471715012612
1463779471584944132
1463779471446663169
1463779471387996166
1463779471236943876
1463779470586757122
1463779470217785346
1463779468867219459
1463779467831259147
1463779467692630022
1463779467382431744
1463779467063611395
1463779466317025288
1463779465453096966
1463779464895242243
1463779464890957829
1463779464815341569
1463779464341565440
1463779463854968834
1463779463779414018
1463779463733612544
1463779463645306885
1463779462936502278
1463779462634475526
1463779462332493825
1463779461598437377
1463779461128724481
1463779460814155776
1463779460403150852
1463779460289863682
1463779460117942273
1463779459069317120
1463779458972897280
1463779458180165636
1463779458129666050
1463779458104635395
1463779457496334339
1463779457404125189
1463779457387294726
1463779457257332737
1463779456787656708
1463779456284299265
1463779455973961730
1463779455759962113
1463779455466446848
1463779454375710721
1463779454103298051
1463779453927149571
1463779453260161025
1463779453234864129
1463779452891156482
1463779452270297092
1463779452069060609
1463779451364388869
1463779451284688897
1463779450521276416
1463779450307465221
1463779450005307392
1463779449707675649
1463779449460060161
1463779449426563075
1463779449078697984
1463779447774101504
1463779447690067968
1463779447178420224
1463779447140921344
1463779447010643970
1463779446977085440
1463779446855323654
1463779446851256323
1463779445614030848
1463779445391732743
1463779445328601092
1463779444578004994
1463779444485603330
1463779444187873280
1463779443718164484
1463779443676045313
1463779443399352324
1463779443399290883
1463779442912866305
1463779442849947649
1463779442598113282
1463779442338062343
1463779442333945864
1463779442220699652
1463779442162118656
1463779441809764353
1463779441730068482
1463779441704722432
1463779441683968003
1463779441453068289
1463779441289531393
1463779440572485641
1463779440056434694
1463779440043909127
1463779439263854594
1463779438903144451
1463779437451694083
1463779437334327298
1463779437019906050
1463779436893913089
1463779436579287045
1463779436424310786
1463779436122230787
1463779436030042112
1463779435455266817
1463779435367354371
1463779435308593155
1463779435035901954
1463779434864037890
1463779434356359176
1463779434046144512
1463779434004103172
1463779433748172805
1463779433685209094
1463779433060474883
1463779432829575168
1463779432380858369
1463779431500042242
1463779431328071682
1463779431219089411
1463779431109955589
1463779429826449409
1463779429214089221
1463779429197434880
1463779428958359552
1463779428245331975
1463779428115308545
1463779427599491073
1463779426982928386
1463779426764795907
1463779426760630282
1463779426458607626
1463779426353643522
1463779426320191490
1463779426278199299
1463779426018250759
1463779425884033030
1463779425305120769
1463779425191923713
1463779423811891200
1463779423329689602
1463779423078039553
1463779422872510467
1463779422687825924
1463779422536810499
1463779421987426310
1463779421157052418
1463779420938940418
1463779420825600000
1463779420800536582
1463779420435468291
1463779420129435648
1463779419831652365
1463779419445596161
1463779419290431495
1463779419114258438
1463779418690756611
1463779418648629250
1463779418040643585
1463779417864523781
1463779417721823239
1463779417629495299
1463779417541414913
1463779416916570122
1463779415901581314
1463779415356227594
1463779415335358464
1463779415104520202
1463779414953574407
1463779414764888064
1463794581578063872
1463794580873166852
1463794579912732673
1463794579879395330
1463794579698765825
1463794579229102087
1463794577798680576
1463794575890436097
1463794575651262467
1463794575336738817
1463794574720049164
1463794574548246529
1463794574434787329
1463794573721882626
1463794573629702149
1463794571683397635
1463794571675009026
1463794571192639490
1463794570827907076
1463794570622341120
1463794570613952512
1463794569544232960
1463794569129218049
1463794569011732487
1463794568760107008
1463794568319541249
1463794567443062786
1463794567422124032
1463794567342346243
1463794567208177670
1463794567141076995
1463794567099072513
1463794566918721537
1463794566658609154
1463794566637789184
1463794565417213955
1463794565119418369
1463794565006114819
1463794564804796420
1463794564557385732
1463794564481916931
1463794564079108099
1463794563932426244
1463794563617800192
1463794563504648198
1463794563387174914
1463794563110379521
1463794563030470660
1463794562737098755
1463794562636390402
1463794562586005504
1463794562233683968
1463794562132889605
1463794561814196231
1463794561398964225
1463794561361326084
1463794561285861377
1463794561155846149
1463794561101316096
1463794560987893760
1463794560522407937
1463794560434413576
1463794559616434183
1463794559054491655
1463794558760730626
1463794558664421379
1463794558546939906
1463794558542749700
1463794558077227015
1463794557380816896
1463794557011726337
1463794556751814659
1463794556709834754
1463794556693008385
1463794556562980864
1463794556323844099
1463794554822402054
1463794554709159940
1463794554155548673
1463794553849356301
1463794553677361160
1463794553656422402
1463794553643749382
1463794552918007814
1463794552536506370
1463794551903162374
1463794551609597959
1463794551441788930
1463794551185891334
1463794550984650758
1463794550263230464
1463794550112141313
1463794549902299136
1463794549784993793
1463794549705355264
1463794549315325958
1463794549046792192
1463794547423596546
1463794546416910338
1463794546412855304
1463794545607561221
1463794544877658112
1463794543665598471
1463794543413719046
1463794542721830916
1463794542541475845
1463794542386286593
1463794542264553476
1463794541539082240
1463794541006401540
1463794540519768064
1463794540360388610
1463794540100399108
1463794540008157186
1463794539878092804
1463794539605504007
1463794539596943362
1463794538552590338
1463794537726296065
1463794537659346946
1463794535000158215
1463794534043865089
1463794533842440192
1463794532798111746
1463794532177387526
1463794531892146177
1463794531862827012
1463794531829170177
1463794531263037440
1463794529417535491
1463794529031569411
1463794528922398722
1463794528805171202
1463794528595456000
1463794528389894147
1463794527714656260
1463794527706230790
1463794527647457280
1463794527450419201
1463794527320166403
1463794527077031941
1463794526728957959
1463794526674464771
1463794526598967296
1463794525869015040
1463794525156085763
1463794524967235584
1463794524862492675
1463794524518588421
1463794524140933121
1463794524019638276
1463794523587465216
1463794523478364165
1463794523348377601
1463794523025424385
1463794522811518976
1463794522534653952
1463794522509479936
1463794522475819010
1463794522270412803
1463794522031366151
1463794521989271556
1463794520768798728
1463794520622051340
1463794520521416713
1463794520227680259
1463794519967678473
1463794518990495744
1463794518667395075
1463794518218743808
1463794517782372357
1463794515840409601
1463794515349803009
1463794515219673089
1463794514988912640
1463794514976514050
1463794514213101568
1463794513835528194
1463794513571299329
1463794513542098948
1463794513445539844
1463794513281966081
1463794513206517763
1463794512027951104
1463794511268786181
1463794511126175744
1463794510798983169
1463794510769508354
1463794510215921666
1463794509800783877
1463794509666557953
1463794509490311170
1463794509356150784
1463794509263908864
1463794509167353856
1463794509049856007
1463794508894814211
1463794508055912452
1463794507749670913
1463794507569266690
1463809681026129931
1463809681009303554
1463809680820604934
1463809680610934786
1463809680032026626
1463809679750959106
1463809679461605377
1463809678589284364
1463809678513737730
1463809678467547140
1463809678341775366
1463809677406490624
1463809677398102018
1463809677305733125
1463809676957700098
1463809676387106817
1463809675816693764
1463809674617102342
1463809674252374017
1463809673983782913
1463809673975320577
1463809673883275276
1463809672809439233
1463809672750764039
1463809672633225216
1463809672452915203
1463809672276844544
1463809672004079621
1463809671391854592
1463809670934585347
1463809670838206465
1463809670146056197
1463809669487546374
1463809668736765953
1463809668640350213
1463809668329836553
1463809668283658241
1463809667855966209
1463809667486859265
1463809667331547136
1463809666610339843
1463809665981059075
1463809665951752202
1463809665624686593
1463809665213607940
1463809665142333441
1463809665054216194
1463809664152440835
1463809664068509702
1463809663963734018
1463809663934377985
1463809663670136838
1463809663598665730
1463809663372300289
1463809663313526784
1463809663208677378
1463809662621560833
1463809662038556676
1463809661706985477
1463809661237350408
1463809661216432131
1463809659240914946
1463809658976567299
1463809658251100163
1463809658188177412
1463809658188087298
1463809658179751943
1463809657777045504
1463809657605132289
1463809657445756929
1463809657437409285
1463809657118543874
1463809657026326535
1463809656913080321
1463809655927304192
1463809654845227008
1463809654232956931
1463809653826011137
1463809652995538944
1463809651787677701
1463809651590504451
1463809651426877442
1463809651066167302
1463809650936082433
1463809649271087104
1463809649111560193
1463809648427995140
1463809648155234305
1463809647404531712
1463809647152877570
1463809646955749376
1463809646750318594
1463809645429022725
1463809645294743553
1463809643537481730
1463809643520704515
1463809643348574214
1463809642467835911
1463809641746505732
1463809640882442242
1463809640567820292
1463809640009912326
1463809640005832704
1463809639447859202
1463809639385079809
1463809638978183171
1463809638961397764
1463809637879271424
1463809637568942085
1463809637342486528
1463809637325619201
1463809636520370180
1463809636239392768
1463809635140395011
1463809634985197570
1463809634972667906
1463809634431500296
1463809633546559497
1463809633479446529
1463809633362104320
1463809632896487425
1463809632602894338
1463809632149848064
1463809632070033412
1463809631860535301
1463809631793434626
1463809631285923842
1463809629859631110
1463809629327179779
1463809628668637186
1463809628601524224
1463809628416974848
1463809627926183943
1463809627259293701
1463809627007688704
1463809626818887681
1463809626718281729
1463809626655367169
1463809626634399745
1463809626596683778
1463809626059776004
1463809626051391491
1463809625887846402
1463809625489350656
1463809625237696517
1463809625023672328
1463809624793128960
1463809624210030592
1463809623811522562
1463809623706808328
1463809623547432960
1463809622993686530
1463809622482071555
1463809622138101764
1463809622104584197
1463809621945159684
1463809621924225028
1463809621525778432
1463809621508956162
1463809621391548416
1463809621110439936
1463809620582019076
1463809620296667143
1463809620292608000
1463809619919360005
1463809619114041345
1463809618031910916
1463809617876733953
1463809617818013696
1463809616865726472
1463809616534515716
1463809616492601351
1463809615754403846
1463809615754268673
1463809614919655428
1463809614886146049
1463809614785482754
1463809613896327175
1463809613002940420
1463809612478570500
1463809612155658243
1463809611618832385
1463809610746417155
1463809610729627649
1463809610465247234
1463809610440187909
1463809609466974213
1463809607986515971
1463809607609077765
1463809606963146753
1463809606942142468
1463809606866518017
1463809606824562690
1463809606313025538
1463809605453160451
1463809605356642307
1463809604966621192
1463809604689829889
1463809604182327297
1463809603460681730
1463824780138893315
1463824779849445376
1463824778192728069
1463824778167341058
1463824777639084033
1463824777534226435
1463824777454493698
1463824777379028995
1463824777144147970
1463824777026711564
1463824776766496771
1463824775860662276
1463824775839690758
1463824775789350912
1463824775445315590
1463824774128410632
1463824773297979395
1463824773251801090
1463824772911960070
1463824772899475464
1463824772886843393
1463824772786110471
1463824771280523265
1463824770944929797
1463824770563149831
1463824770542317571
1463824769930133509
1463824769241870341
1463824769191747585
1463824768361238528
1463824767689969669
1463824767287541766
1463824766125494272
1463824765009989634
1463824764330414080
1463824763575439365
1463824763302957057
1463824762971557892
1463824762581524481
1463824762485059587
1463824762396938240
1463824761969070081
1463824761365086209
1463824760891228167
1463824760614404108
1463824760060534790
1463824759435710470
1463824758986919936
1463824758735351812
1463824758424887298
1463824757908979712
1463824757137235968
1463824755807506436
1463824755614703620
1463824755216338946
1463824754847141898
1463824754587099138
1463824754033442818
1463824753966256131
1463824753437855744
1463824752934633474
1463824752871555076
1463824752284422151
1463824752267587585
1463824751873470472
1463824751844077576
1463824751063937024
1463824750631952386
1463824750430597121
1463824749683875844
1463824747985313792
1463824747763060744
1463824747456774156
1463824747167428611
1463824747129626626
1463824746387279872
1463824745351155713
1463824745237913602
1463824745154109444
1463824743849771010
1463824742759215109
1463824742650056705
1463824742364823558
1463824741970628613
1463824741836341249
1463824741467308033
1463824741190545409
1463824741131825153
1463824741043687436
1463824741027000324
1463824740817199105
1463824740716531717
1463824740687265794
1463824740573921280
1463824740334907395
1463824740057948163
1463824739571539977
1463824739563098117
1463824739336658944
1463824739068256263
1463824738892066820
1463824738875285505
1463824738556522502
1463824738308952067
1463824738229366784
1463824737998618624
1463824737805783040
1463824736136450048
1463824736077635604
1463824735901470720
1463824735343570950
1463824735331041288
1463824735163273217
1463824734739746819
1463824734613909507
1463824734391443456
1463824732915179521
1463824732910854144
1463824732697026562
1463824732659363841
1463824732269207552
1463824732084703235
1463824731564564486
1463824731145187332
1463824730897756163
1463824730801291265
1463824730759307267
1463824730348089346
1463824729710772232
1463824729517826048
1463824729186484226
1463824728980819974
1463824728523689988
1463824728133623815
1463824727705890825
1463824727353528324
1463824727194091530
1463824725185118212
1463824723905855489
1463824723331190785
1463824722806853632
1463824722563678209
1463824722421067777
1463824721951313923
1463824721531879424
1463824721464672263
1463824721452044296
1463824721364008964
1463824721158578178
1463824721082867712
1463824720906784770
1463824720835624969
1463824720823046146
1463824720764321810
1463824719908593667
1463824719011004419
1463824718444781570
1463824717622628352
1463824717606010881
1463824716364492804
1463824716305555458
1463824716209270785
1463824714783068164
1463824714531549186
1463824714338603020
1463824714154000391
1463824713629806592
1463824713592025088
1463824713126277129
1463824712983793669
1463824712346349573
1463824710966337545
1463824710748278784
1463824710723149834
1463824710387609602
1463824709838163969
1463824709833875456
1463824709771051012
1463824709699751937
1463824709645127683
1463824709485797382
1463824709192142854
1463824709083140107
1463824709032689668
1463824708072349701
1463824708038766594
1463824707585822723
1463824707573239818
1463824707535392768
1463824706965020679
1463824706486812673
1463824705530519553
1463824705501204488
1463824705375420418
1463824705337573379
1463824705324994561
1463824704708517893
1463824704360353793
1463824704154726403
1463824704087609347
1463839880287555594
1463839880258236422
1463839879461314561
1463839879268286470
1463839879243067401
1463839878999953412
1463839878710497282
1463839878475825153
1463839878102323204
1463839877678743553
1463839877536096261
1463839877473214468
1463839877120860165
1463839877082927109
1463839876940537861
1463839876613353479
1463839876592328710
1463839876105781249
1463839875669573634
1463839875371880448
1463839875195670531
1463839874763603970
1463839874738495495
1463839874633515013
1463839874507808777
1463839874394509313
1463839874214244354
1463839873895481371
1463839873710780427
1463839873119498242
1463839872993697793
1463839872754585607
1463839872213569537
1463839871907340290
1463839871836041220
1463839871714283527
1463839871051743236
1463839870930063368
1463839870397427714
1463839869231374344
1463839868866469889
1463839868510175232
1463839868207964161
1463839868191182851
1463839868149284865
1463839868094607362
1463839867436216331
1463839867436216329
1463839867432050696
1463839867419475969
1463839865964056593
1463839865607438344
1463839865481703437
1463839865401790464
1463839864735121408
1463839864542089217
1463839864516976640
1463839864491761668
1463839864483454978
1463839864391184387
1463839864277848069
1463839864126853120
1463839863992639503
1463839863749361664
1463839863610884105
1463839863485177860
1463839863011041292
1463839862579089416
1463839862511964167
1463839862419828737
1463839862398717953
1463839862386274314
1463839862340165637
1463839862163849223
1463839861757067272
1463839861597736966
1463839861471952902
1463839861413232645
1463839860972793861
1463839860851159042
1463839860666601477
1463839860515557379
1463839859219513352
1463839858904940549
1463839858867191815
1463839858800177152
1463839858338766848
1463839858267688961
1463839858120605696
1463839857571155971
1463839857428545539
1463839857319596038
1463839857281843202
1463839856770129926
1463839856677818368
1463839856455524357
1463839856136638465
1463839855616663559
1463839854903672841
1463839854786187265
1463839853829767171
1463839853456642056
1463839853418790915
1463839853255270411
1463839853154639883
1463839853116891144
1463839852957417477
1463839852940894212
1463839852793761794
1463839852739403776
1463839851984396295
1463839851946692612
1463839851879481347
1463839851778826243
1463839850185043971
1463839849828528132
1463839849245409288
1463839848914112514
1463839848570228740
1463839848146608139
1463839848050143232
1463839847593005058
1463839847236259840
1463839847181811712
1463839847098249216
1463839845856550923
1463839845659336706
1463839845147627521
1463839844841496578
1463839844032000016
1463839843973271557
1463839843751022593
1463839843692261378
1463839843608412162
1463839842765348864
1463839842534666241
1463839842484297728
1463839842396250117
1463839842278809601
1463839841997799428
1463839841771298818
1463839841414754304
1463839840965959687
1463839840881938433
1463839840621969411
1463839840584273928
1463839840277917696
1463839840089391105
1463839839422398464
1463839839229517828
1463839839149821960
1463839838927470602
1463839838906499075
1463839838671671296
1463839838629728256
1463839838281424897
1463839836956205061
1463839836691845122
1463839836578750471
1463839836360650756
1463839835857293320
1463839835836362756
1463839835815297024
1463839834678587393
1463839834661924864
1463839834527649797
1463839834439565316
1463839834343190528
1463839834087190528
1463839834032594944
1463839833923616769
1463839833546235915
1463839833244196868
1463839833172946944
1463839832493469698
1463839832409456641
1463839832191422464
1463839832136896514
1463839831465754635
1463839830794649600
1463839830627045376
1463839830220156932
1463839829871845376
1463839829427429380
1463839828802473987
1463839828462772233
1463839828185952263
1463839828038934531
1463839827061665802
1463839826692632577
1463839826562600965
1463839826348757002
1463839826323677191
1463839826042630148
1463839825430208514
1463839825270743049
1463839825228976131
1463839825073692672
1463839825069363205
1463839825019162629
1463854979865739264
1463854979786199042
1463854979631005696
1463854979094036491
1463854978678722568
1463854978603180038
1463854978523484164
1463854977873547264
1463854977860964355
1463854977714204676
1463854977307353096
1463854976871002120
1463854976753614849
1463854976711671810
1463854976342523909
1463854976208412682
1463854976149725203
1463854975990341632
1463854975826763776
1463854975117844480
1463854974908174339
1463854974769631244
1463854974564290564
1463854974195187714
1463854973712842752
1463854973586976779
1463854972718796803
1463854972668420101
1463854972639096846
1463854972639002630
1463854972613840896
1463854972475486212
1463854972324384774
1463854972034904065
1463854971770834947
1463854971653349386
1463854971586326528
1463854970504192000
1463854970256732166
1463854970072096772
1463854970000879618
1463854969996599297
1463854969988300801
1463854969359061004
1463854969346482176
1463854969082331141
1463854968788631552
1463854968662806532
1463854968444702722
1463854968339849233
1463854967794671642
1463854967626870789
1463854967618420740
1463854967500988416
1463854967425355788
1463854967152910337
1463854967006142464
1463854966892761091
1463854966821507076
1463854966100185089
1463854966083407887
1463854964997074950
1463854964850446341
1463854964678311936
1463854964619546630
1463854964476760065
1463854963420020742
1463854963331940360
1463854963222880259
1463854963210301444
1463854963193434121
1463854962912419842
1463854962618818569
1463854962467905539
1463854962404990984
1463854962274971650
1463854962249719808
1463854961771614217
1463854960983040000
1463854960362328067
1463854960349691905
1463854960274198532
1463854960035217420
1463854959540068358
1463854959338872836
1463854958743363593
1463854958562791427
1463854958453817346
1463854958369980423
1463854958223118344
1463854957665341440
1463854957090807812
1463854956964990978
1463854956264534018
1463854955983474696
1463854955824099331
1463854955811454980
1463854955673137160
1463854955639496704
1463854955551469573
1463854955547303946
1463854955031314440
1463854954955825161
1463854954934906885
1463854953982746628
1463854953458503680
1463854953353682950
1463854953328308227
1463854952850276352
1463854952758095884
1463854952326078465
1463854952191832064
1463854952003031046
1463854951617253383
1463854950975422472
1463854950891638786
1463854950509948929
1463854950077849612
1463854949901680652
1463854949524250633
1463854949494886409
1463854949130018825
1463854949129809927
1463854949109014542
1463854948676943875
1463854948614127616
1463854948395798528
1463854948014342146
1463854947796148225
1463854947779366916
1463854947766779914
1463854947603206149
1463854947095695360
1463854946839932933
1463854946349166594
1463854946214887436
1463854946198204416
1463854946185531392
1463854946105888776
1463854945988395009
1463854945665490952
1463854945644515330
1463854945199955968
1463854945132756994
1463854944830869504
1463854944721715200
1463854944163930123
1463854944159625221
1463854944059105281
1463854943878750208
1463854942557556747
1463854942498734081
1463854941890560012
1463854941651492868
1463854941559267329
1463854941462691845
1463854941416542209
1463854941374582789
1463854941144031238
1463854941110300677
1463854940938555400
1463854940925816839
1463854940703666178
1463854940313595905
1463854939793461248
1463854939596365827
1463854938824531972
1463854938786873349
1463854938786865156
1463854938371489796
1463854937402654726
1463854937339740163
1463854937188802576
1463854936962342922
1463854936903626758
1463854936672944128
1463854936534433793
1463854935737442309
1463854935657877509
1463854935506919425
1463854935448207365
1463854934965817346
1463854934726787076
1463854934483476484
1463854934051500038
1463854933900414977
1463854933766287364
1463854933392908292
1463854933149630474
1463854932990246914
1463854932906287104
1463854932860276737
1463854932575019014
1463854932214239233
1463854932155678725
1463854931836821509
1463854931652210697
1463854931639635969
1463854931144699909
1463854931039834113
1463870078366195712
1463870078168944646
1463870077762211841
1463870076952748036
1463870076512358414
1463870075719536646
1463870075455225856
1463870075417595908
1463870075342049288
1463870075153301505
1463870074691878914
1463870074222260232
1463870074167742466
1463870074108854278
1463870073949540352
1463870073681109000
1463870073551077382
1463870073425301504
1463870073165205507
1463870072460480519
1463870072213192705
1463870070967386124
1463870070459977728
1463870070430609417
1463870070401216515
1463870070044741635
1463870069772107782
1463870069730123780
1463870069583273987
1463870069411389441
1463870069147111435
1463870069088337920
1463870068597604356
1463870068371116032
1463870068174082051
1463870067725279238
1463870067611947011
1463870067431649286
1463870066605363201
1463870066341126148
1463870066135547914
1463870065699291136
1463870065598738435
1463870065586147333
1463870065514881030
1463870065216999441
1463870063795052550
1463870063690276864
1463870063359008775
1463870063023476736
1463870062922711045
1463870062792781824
1463870062654201861
1463870062557904897
1463870062247436298
1463870061727391754
1463870061492510725
1463870061219831810
1463870061182029837
1463870060720795653
1463870060225867780
1463870060070674439
1463870059445686273
1463870059214999555
1463870058384474114
1463870057767968768
1463870057730043908
1463870057726029828
1463870057017135112
1463870056622817282
1463870056409047042
1463870056329318401
1463870056031420416
1463870055926710273
1463870055888867328
1463870055817564170
1463870055288958979
1463870055054299137
1463870054127132674
1463870053980508162
1463870053967974400
1463870053850521606
1463870053556883457
1463870053540052997
1463870053347213313
1463870052030193670
1463870051732402177
1463870051564470274
1463870051472355346
1463870051409281033
1463870051124137992
1463870051098976261
1463870050796855297
1463870050239238153
1463870049899405323
1463870049882718215
1463870049563860995
1463870049433882630
1463870049261961218
1463870049215815684
1463870048922128386
1463870048288710656
1463870047944790020
1463870047856873477
1463870046795702278
1463870046795669515
1463870046573248512
1463870046430646282
1463870045986111492
1463870045793275907
1463870045545807873
1463870045344473091
1463870045319225348
1463870045180805128
1463870044350390282
1463870044329463811
1463870043985436677
1463870043725381632
1463870043284905991
1463870043008212994
1463870042945331206
1463870042739773450
1463870042718846977
1463870041951293449
1463870041951195136
1463870040160096262
1463870039954759684
1463870039593992199
1463870039443095557
1463870039363252228
1463870039057219589
1463870038952361988
1463870038709055494
1463870038071562250
1463870037689786375
1463870037559754756
1463870037429735430
1463870037089996807
1463870036809076739
1463870036158951428
1463870035970064384
1463870035957624837
1463870035861069826
1463870035752103936
1463870035261210636
1463870034938408967
1463870034816737285
1463870034800001029
1463870034552496139
1463870034493816833
1463870034472849409
1463870034460221441
1463870034367811590
1463870034233622533
1463870034011328513
1463870033973723138
1463870033604628483
1463870033269043204
1463870033185157123
1463870033084309504
1463870032866426882
1463870032333651972
1463870032115421184
1463870032061124608
1463870031947833352
1463870031666814976
1463870031645888517
1463870031612231682
1463870031138275333
1463870031096287232
1463870030937047041
1463870030928568329
1463870030756593673
1463870030702075911
1463870030534303748
1463870030022651912
1463870029909405705
1463870028755910664
1463870028516843526
1463870028168716288
1463870028152033280
1463870027820670979
1463870027770302468
1463870027359162368
1463870027317354500
1463870027262836738
1463870027157975046
1463870027036254214
1463870026633691138
1463870026402910214
1463870026293956609
1463870026138767362
1463870025299750918
1463870024926601217
1463870024574287877
1463870024570097667
1463870024196710410
1463870024158957570
1463870024079212545
1463870023840247817
1463885178846146561
1463885178720464901
1463885178649161731
1463885178565054465
1463885177768321036
1463885177348935694
1463885177072062470
1463885176740663300
1463885176493248516
1463885175994077190
1463885175327178770
1463885175230767116
1463885175193051137
1463885175041904650
1463885174505095171
1463885174282854402
1463885174282797061
1463885173112590338
1463885173020372994
1463885172907069448
1463885172106055689
1463885171812450304
1463885171464228871
1463885170889605130
1463885170214420481
1463885170096754693
1463885169966960641
1463885169912332294
1463885169413300227
1463885169278996487
1463885168968613902
1463885168964509698
1463885168767381520
1463885168566013952
1463885168486141952
1463885168242999309
1463885167777533964
1463885167383101442
1463885166925991945
1463885166837964801
1463885166506614790
1463885166238220290
1463885166196178945
1463885166099800076
1463885166078840834
1463885165009145862
1463885164891754508
1463885164614983691
1463885164568797190
1463885164539527171
1463885164208177159
1463885163578986499
1463885162241007621
1463885162236854280
1463885162157125637
1463885162140340232
1463885161989353486
1463885161486069761
1463885161360150539
1463885161192382475
1463885160626147329
1463885159866982400
1463885159829278737
1463885159724245003
1463885159632015361
1463885159581859852
1463885159518904324
1463885159393021955
1463885159321804800
1463885159242031115
1463885159091130371
1463885158679863301
1463885158399057928
1463885158176673803
1463885157753143298
1463885157551775747
1463885157535035392
1463885156897280006
1463885156763287561
1463885156658282501
1463885156197052424
1463885156150829072
1463885156046065675
1463885154464763916
1463885154217246721
1463885154112491525
1463885153923518466
1463885153877606412
1463885152648585218
1463885152610828289
1463885152564748291
1463885152044650497
1463885152006852614
1463885151616778242
1463885151507730441
1463885151436521474
1463885150975004674
1463885150710734899
1463885150652088325
1463885150480130060
1463885150379548676
1463885150278852615
1463885149620215810
1463885149578350596
1463885149402238982
1463885149217644548
1463885148622143492
1463885147892330502
1463885147607085065
1463885147598725126
1463885146914885637
1463885146633822213
1463885146281631745
1463885146113851393
1463885146021679117
1463885145820188672
1463885145619025922
1463885145610539009
1463885145509875719
1463885143953784836
1463885143358283782
1463885143228223495
1463885142984908810
1463885142846361605
1463885142687207436
1463885142406148097
1463885142380974080
1463885141361655809
1463885141328089092
1463885141164572679
1463885141089136642
1463885141076549640
1463885140992696322
1463885140980113414
1463885140913012736
1463885140904534020
1463885140275482630
1463885140053172231
1463885139986067457
1463885139570839552
1463885139562352645
1463885139235246081
1463885139080105986
1463885138832637952
1463885137494507523
1463885136890454018
1463885136815132675
1463885136534061059
1463885136051589120
1463885135930081286
1463885135498129418
1463885135485579266
1463885135162581002
1463885134877315079
1463885134843846664
1463885134843678721
1463885134600495104
1463885134344724489
1463885134306820102
1463885132880875521
1463885132574646288
1463885132067065857
1463885131404484626
1463885130993483779
1463885130897010694
1463885130477543436
1463885130477408257
1463885130355953669
1463885130251087882
1463885129877794817
1463885129387028483
1463885129085071364
1463885129001189385
1463885128552300550
1463885128195837953
1463885128011235338
1463885127952576512
1463885127541481480
1463885127407194118
1463885127298301961
1463885127147270150
1463885126971138057
1463885126937583618
1463885126937497601
1463885126857900037
1463885126727831552
1463885125469581315
1463885125045915654
1463885124651696134
1463885124597170183
1463885124534034435
1463885124521574404
1463885124479684611
1463885124349480964
1463885124253241351
1463885123909304330
1463885123707936771
1463885123355561993
1463885123330400259
1463885122726285317
1463900278089039879
1463900277455654919
1463900277291958275
1463900277266866176
1463900277141090313
1463900277015080960
1463900276860063745
1463900276058955788
1463900275551264769
1463900275228483586
1463900274800607239
1463900274364461058
1463900274351820805
1463900274242764801
1463900273945030658
1463900273471074312
1463900273433354242
1463900272753885184
1463900272359473154
1463900272275734530
1463900272074248197
1463900271977721856
1463900271776518146
1463900271143178247
1463900271101112332
1463900271017402368
1463900270891450369
1463900270828695552
1463900270765744138
1463900270753198087
1463900270417567750
1463900270346346499
1463900269713010691
1463900269536849929
1463900269390016518
1463900269306073090
1463900268848840708
1463900268735746055
1463900268542767105
1463900267754274824
1463900267620052999
1463900267288698883
1463900266990735367
1463900266957320198
1463900266957193224
1463900266835628035
1463900266378543117
1463900266198188033
1463900266055417865
1463900265870995456
1463900265170579464
1463900264344211460
1463900264117805061
1463900264088449027
1463900263794708483
1463900263220072455
1463900262691713028
1463900261861269510
1463900261567680525
1463900261328510981
1463900261328502784
1463900261299200007
1463900260904935431
1463900260455968771
1463900260376350727
1463900260116410374
1463900259852165131
1463900259759923213
1463900259495649281
1463900259441119233
1463900259143278592
1463900258719735811
1463900258606456835
1463900258556129285
1463900258136739842
1463900257704722435
1463900257704714243
1463900257704624133
1463900257662607368
1463900257352306697
1463900257259909125
1463900256693891073
1463900256341483523
1463900256337235974
1463900256182095884
1463900255875907588
1463900255477551111
1463900255095828481
1463900254840004609
1463900254823194634
1463900254810509313
1463900254793781257
1463900254789636104
1463900254718337028
1463900254693171203
1463900254307332103
1463900254156345353
1463900254093426699
1463900253619466245
1463900253317439497
1463900253179072527
1463900252411473926
1463900252247834639
1463900251983466500
1463900251731886089
1463900251551588361
1463900251408977920
1463900250838638599
1463900250733694977
1463900250574405641
1463900250519842816
1463900250205302789
1463900250096254983
1463900249903276034
1463900249861148675
1463900249571868677
1463900249400004610
1463900249391575040
1463900248963751939
1463900248372355072
1463900248024174594
1463900247613005825
1463900247583858693
1463900247411859464
1463900247076352007
1463900246476574724
1463900246426140674
1463900245914439683
1463900245822214149
1463900245780226049
1463900245461540866
1463900245281153028
1463900244404539393
1463900243834060805
1463900243691552769
1463900242693263361
1463900242072461315
1463900241774579719
1463900241682481160
1463900241581719554
1463900241279827968
1463900241107763214
1463900240176717832
1463900239685894146
1463900239463657476
1463900239224614922
1463900238800949250
1463900238587076613
1463900238490615813
1463900237945348096
1463900237488177162
1463900237400002562
1463900237362188298
1463900236976435204
1463900236674441218
1463900236498157572
1463900236011778048
1463900235952967681
1463900235453714437
1463900235147747345
1463900234820501514
1463900234753327110
1463900234728316928
1463900234455654400
1463900234338029578
1463900233939632130
1463900233902002178
1463900233704873992
1463900233566498820
1463900233457360900
1463900233448968201
1463900233360891914
1463900233264414729
1463900232878600194
1463900232425426945
1463900232002019334
1463900231557333000
1463900231402233858
1463900231192379395
1463900230592737280
1463900230546558976
1463900230219452422
1463900230076801034
1463900229971976210
1463900229875511301
1463900229871157252
1463900229544017928
1463900229049143296
1463900228449288196
1463900228315197441
1463900227966943238
1463900227707052036
1463900227467943941
1463900227375714306
1463900227346313221
1463900227266564101
1463900227249881102
1463900227220475912
1463900227019198464
1463900226981445640
1463915377516326918
1463915377398894593
1463915377327587337
1463915376513716224
1463915376362676224
1463915376207712258
1463915374865436678
1463915374680940546
1463915374626410501
1463915373208735759
1463915373045112837
1463915373036814344
1463915372780797952
1463915372747411461
1463915372369825798
1463915372348952580
1463915372118257665
1463915370717147136
1463915370700550147
1463915370440441867
1463915370318860302
1463915370264285185
1463915369731604484
1463915369299599368
1463915368842350595
1463915368557297670
1463915368385294345
1463915368343216134
1463915368058081280
1463915367869431815
1463915367689039872
1463915367672127489
1463915367512825862
1463915367395303430
1463915367164690438
1463915366917230597
1463915366447554562
1463915366401335305
1463915366241943560
1463915366229422092
1463915365885431809
1463915364321042446
1463915364216184840
1463915363658342416
1463915363272384512
1463915363159138326
1463915363142361088
1463915363125579780
1463915362907533314
1463915362743955458
1463915362584514570
1463915362429267970
1463915362106363905
1463915361825431552
1463915361238196227
1463915361124892676
1463915361024319491
1463915360856547332
1463915360424538127
1463915360030117889
1463915360005021704
1463915359120117768
1463915358834802693
1463915358432210945
1463915357496913931
1463915357417009152
1463915357333331973
1463915357232582657
1463915356960051212
1463915356129538058
1463915356075040779
1463915355844272131
1463915355722567681
1463915355156402181
1463915354527342599
1463915354518917124
1463915354124607493
1463915353440935937
1463915353294127113
1463915353243795459
1463915352774131725
1463915352321105936
1463915352262385670
1463915352224632842
1463915351603748878
1463915351499067397
1463915351431913472
1463915351301922816
1463915350966345734
1463915350785986568
1463915350769160194
1463915349972291595
1463915349569511433
1463915349506773000
1463915348999217158
1463915348927856649
1463915348600758274
1463915348323930113
1463915348298715142
1463915348214882310
1463915347577290758
1463915347216674816
1463915347183034372
1463915346973405189
1463915346356674571
1463915346130182173
1463915346121924609
1463915345962536974
1463915345899659279
1463915345777987587
1463915345257893890
1463915345186598914
1463915345178206210
1463915345052246021
1463915344700100608
1463915344674832384
1463915344372936705
1463915343735316485
1463915343731208199
1463915343487852550
1463915343299158020
1463915343273869314
1463915343093633029
1463915341386424322
1463915341143232512
1463915341009072133
1463915340992331782
1463915340971315200
1463915340358946819
1463915340270911497
1463915339838799877
1463915339671126020
1463915339658498048
1463915339557883916
1463915339247460352
1463915339121631233
1463915338735796225
1463915338211414024
1463915338064535572
1463915337490051072
1463915337448140811
1463915337322319874
1463915337116749832
1463915336474968068
1463915336449728521
1463915336420536327
1463915336315588613
1463915336273694733
1463915336219119617
1463915336001101831
1463915335392718851
1463915335094968329
1463915334440792070
1463915334159712266
1463915334071635971
1463915333887135748
1463915333530566659
1463915333325049863
1463915333081837568
1463915333077680135
1463915332926590976
1463915332905717761
1463915332268089352
1463915332238729217
1463915332138115076
1463915331898982410
1463915331890520075
1463915331806707713
1463915331693514752
1463915331538329611
1463915331265736706
1463915330980491270
1463915330837827587
1463915330829443076
1463915330573680654
1463915330565201927
1463915330384711680
1463915330091290631
1463915329940250628
1463915329722064897
1463915329546076167
1463915329298575361
1463915329160101896
1463915328954507289
1463915328732282883
1463915328673488925
1463915328208085007
1463915328165978113
1463915327419473925
1463915327104897033
1463915327058845700
1463915326324805635
1463915326136102917
1463915326098321408
1463915325997699085
1463915325779554312
1463915325620043776
1463915325343338499
1463915325330706441
1463915325276184581
