1461861846458290176
1461861846386937859
1461861846101770241
1461861845967454215
1461861845824909316
1461861845657022470
1461861845409669121
1461861845153636353
1461861844759498755
1461861844000333832
1461861843941662727
1461861843845140491
1461861843824263168
1461861843757150209
1461861842947608580
1461861842381414406
1461861841546604546
1461861838900002817
1461861838803582978
1461861838723993608
1461861838287638530
1461861837180387329
1461861836593106946
1461861836551303178
1461861835418787854
1461861835100110850
1461861834915520512
1461861834739179521
1461861834374500354
1461861834244255745
1461861833728475139
1461861833145557006
1461861832428339208
1461861832411402243
1461861832088563721
1461861832059244548
1461861831660683264
1461861830632951809
1461861829492236298
1461861829173342212
1461861829047726089
1461861828854747138
1461861828640886795
1461861828099723268
1461861827755720704
1461861827487449096
1461861826908635138
1461861825708892162
1461861825579032579
1461861825520312330
1461861825268568068
1461861824991793152
1461861824563982342
1461861824228433921
1461861823792230401
1461861823439945728
1461861823104258050
1461861822802194434
1461861822194073606
1461861821929951233
1461861820566757379
1461861819790901251
1461861819535044613
1461861819480424448
1461861819396640780
1461861818482188292
1461861816427065352
1461861816380788741
1461861816162738177
1461861816154402818
1461861816116686851
1461861815881773062
1461861815797829635
1461861815479152645
1461861814971609088
1461861814933889027
1461861814652784645
1461861814178922497
1461861814090838018
1461861813562142724
1461861813394550785
1461861813180641281
1461861813016924166
1461861812614402056
1461861812169854981
1461861811959971840
1461861811481841666
1461861811096018950
1461861810970271748
1461861809313435652
1461861808688533512
1461861808268984322
1461861807631388676
1461861807505694720
1461861806910099456
1461861806457204736
1461861806440394762
1461861806310367236
1461861806083772418
1461861805958090763
1461861805538557961
1461861804691402755
1461861804515151873
1461861803298799617
1461861802686369794
1461861802367619078
1461861802321580032
1461861802296418311
1461861800647946246
1461861800161394692
1461861799293341696
1461861799066750985
1461861798970216449
1461861797745643525
1461861796978085893
1461861796717940742
1461861795841417223
1461861795568570368
1461861795510030343
1461861795308650496
1461861795044413440
1461861794419519489
1461861794121666565
1461861794117525514
1461861793912041475
1461861793823920133
1461861793463156736
1461861793421312002
1461861793417121796
1461861793115123712
1461861792963985408
1461861792917987330
1461861791634542596
1461861791546458120
1461861791231848451
1461861791042981889
1461861790954885124
1461861790686588934
1461861790577422337
1461861789960970242
1461861789382189056
1461861788820115457
1461861788551581697
1461861788107091976
1461861788065181696
1461861787805093889
1461861787322699778
1461861787200987139
1461861787171704833
1461861785884000264
1461861785695186949
1461861785682784261
1461861784353222661
1461861784063668224
1461861783757590530
1461861783514365952
1461861783484964867
1461861783065485312
1461861782440529931
1461861782218108929
1461861781547143171
1461861781085716484
1461861779252858880
1461861779139608582
1461861779034759173
1461861778778955786
1461861778762174465
1461861778397220867
1461861778116149250
1461861778036453381
1461861777696862212
1461861777386446854
1461861775578742794
1461861774588850179
1461861774031048710
1461861772428677121
1461861772088934401
1461861771380199424
1461861771300511746
1461861771183022090
1461861769337520128
1461861767252824064
1461861765260533763
1461861764841172998
1461861764820135936
1461861764627320834
1461861764266541062
1461861764103122949
1461861764056993792
1461861763260063746
1461861762899263490
1461861762286772226
1461861761934626816
1461861761175277569
1461861759774601216
1461861759371862017
1461861758830669826
1461861758767976449
1461861758734417921
1461861758268841989
1461876945524858880
1461876944853557249
1461876944136556546
1461876943939244033
1461876943884898305
1461876943356235779
1461876943025025033
1461876942790139910
1461876942664175620
1461876942253273096
1461876941380722692
1461876940432936964
1461876940277792768
1461876939082412038
1461876938725748740
1461876937756868610
1461876937362706432
1461876937308229638
1461876936750284801
1461876936179814403
1461876936162955267
1461876936058228745
1461876935840129029
1461876935127191559
1461876935097790470
1461876934967758851
1461876934921576453
1461876934858715140
1461876934774861824
1461876934648889344
1461876934409789442
1461876934220992516
1461876934195879943
1461876934082715654
1461876932652449800
1461876932522303488
1461876932371484672
1461876932153389059
1461876931796865026
1461876931188727809
1461876930861428740
1461876930584748037
1461876930546831361
1461876929863237636
1461876929078837255
1461876928374206465
1461876927610896386
1461876927548076039
1461876926826561544
1461876925954068480
1461876925849239552
1461876925656408067
1461876925002096645
1461876924502917124
1461876924347785217
1461876924234584074
1461876923320217603
1461876921848016897
1461876921571192833
1461876921365630977
1461876921151729666
1461876919922835456
1461876919805231110
1461876919729745924
1461876919499210752
1461876919448834048
1461876919138496517
1461876918643421186
1461876917766864896
1461876915657224192
1461876915548176388
1461876915434840065
1461876914973552652
1461876914461679617
1461876914264719367
1461876913782329350
1461876913547497487
1461876913455075329
1461876913069346817
1461876913069248514
1461876913048272896
1461876912649687041
1461876911982923781
1461876911660056577
1461876911546814466
1461876910435282947
1461876909890015233
1461876909567094785
1461876909134995467
1461876907910340613
1461876907612454916
1461876907524382721
1461876907235057671
1461876907201294342
1461876907113422852
1461876904835760129
1461876904072417284
1461876903900495875
1461876903531499525
1461876903460028420
1461876903279738885
1461876902365433857
1461876901660614658
1461876900817608704
1461876900725415938
1461876900675178505
1461876900540911618
1461876900138078208
1461876900041682946
1461876899915964419
1461876899387359234
1461876898661748741
1461876898150158336
1461876897458143236
1461876896623378435
1461876896426344451
1461876896413761536
1461876896031858688
1461876895184740352
1461876894819835910
1461876894601822208
1461876894320631812
1461876894291402761
1461876894245302272
1461876892105994246
1461876891967795204
1461876891414142976
1461876891254620166
1461876891212664836
1461876890885517312
1461876890319339524
1461876890210222084
1461876889841192961
1461876889786720256
1461876889773961217
1461876889606234113
1461876887857385481
1461876887790268423
1461876887114985472
1461876887052070914
1461876886875824137
1461876886804615171
1461876886209015820
1461876884954923016
1461876884048945160
1461876883889532933
1461876883734159364
1461876883293974534
1461876883222515714
1461876882551590918
1461876881217798145
1461876880038977540
1461876879191949316
1461876878575341577
1461876878227042304
1461876877967122434
1461876877908267009
1461876877782667275
1461876877765840901
1461876877640015878
1461876877144985601
1461876875907768323
1461876874452242437
1461876873487650820
1461876872841768960
1461876872724328450
1461876872581562375
1461876872040509441
1461876871424090113
1461876871247790088
1461876871021228033
1461876869725396997
1461876868886503429
1461876867103924226
1461876866780999705
1461876865740652550
1461876865673617416
1461876865291882501
1461876864939528193
1461876863987425280
1461876863706406914
1461876863068946437
1461876861953265673
1461876861336702978
1461876860778958848
1461876859923312640
1461876858564362244
1461876858002288643
1461876857784078336
1461876856978771972
1461876856249102346
1461876855951151106
1461876855468822533
1461876855200522247
1461876854890156036
1461876854663561216
1461876854416195586
1461876854147670020
1461876853593886720
1461876852214185988
1461892044285263876
1461892042863169539
1461892042414567426
1461892042271899658
1461892041172930571
1461892040099127301
1461892039780585480
1461892039298228230
1461892038635360264
1461892038362898433
1461892038350327811
1461892038215946242
1461892038173990913
1461892036903243779
1461892036584427527
1461892036584349704
1461892035552624641
1461892035028430851
1461892033946300427
1461892033694470150
1461892033317007361
1461892032692117507
1461892032553758728
1461892032553701387
1461892032004243461
1461892030909624328
1461892030624325639
1461892029504499714
1461892028904714244
1461892028846026756
1461892027348627463
1461892026400743425
1461892025209573376
1461892024630579204
1461892023913381888
1461892023154356227
1461892020717424641
1461892019391897611
1461892018334879752
1461892018020491265
1461892017743560709
1461892016820809730
1461892015084511233
1461892014891581444
1461892014765752325
1461892014245650433
1461892012865638409
1461892012731424768
1461892012500832259
1461892010735022087
1461892009728217088
1461892009694834695
1461892008797159427
1461892008520433670
1461892008130138112
1461892007815794691
1461892006427381764
1461892006024671233
1461892005257048067
1461892005244592132
1461892005001261057
1461892004988735492
1461892004770729987
1461892004217032713
1461892001452994565
1461891998072258561
1461891997963333633
1461891997682253825
1461891997401288705
1461891996956594178
1461891994813452290
1461891994234540038
1461891993911451648
1461891993718697988
1461891993693523968
1461891993357799426
1461891991814479874
1461891991793324044
1461891991571255298
1461891990870794246
1461891990434590723
1461891989767557122
1461891989071355907
1461891988819636226
1461891988660305924
1461891988316463108
1461891988308082696
1461891988190552065
1461891987964153858
1461891987083350018
1461891986336751621
1461891985355202562
1461891985283944449
1461891985246064645
1461891984931672067
1461891984797356034
1461891984709279758
1461891984306671620
1461891983207645187
1461891983140610055
1461891982448599040
1461891979785252869
1461891979277701120
1461891978606616583
1461891978451369991
1461891977906032645
1461891977612513287
1461891977465769998
1461891976438042635
1461891974814969858
1461891974634557452
1461891974458339329
1461891974265511943
1461891973766254595
1461891973451849733
1461891972852031497
1461891972331884551
1461891972138950660
1461891970943516672
1461891969983127555
1461891969446289413
1461891969320308736
1461891968976494598
1461891968775200771
1461891968376705027
1461891967906836480
1461891967588220929
1461891967206318091
1461891966988218369
1461891965822373889
1461891965251895297
1461891964966776835
1461891964794667012
1461891964735873024
1461891963888799750
1461891962878021639
1461891962454294532
1461891962106105857
1461891961644883973
1461891961556807685
1461891960910798849
1461891960428367876
1461891960264970247
1461891960034279428
1461891959887261697
1461891958696300546
1461891957802872832
1461891957526085634
1461891957077151759
1461891956993363969
1461891955869290497
1461891955026239499
1461891954883522563
1461891954669604865
1461891954413768710
1461891951901515785
1461891949686927364
1461891949263269892
1461891946679525381
1461891946612502530
1461891946453078020
1461891945937129478
1461891945660395520
1461891944364318722
1461891943978475521
1461891943877824521
1461891943722541057
1461891943294648322
1461891942426497027
1461891942317322240
1461891942149623808
1461891942145527813
1461891941302472707
1461891940807593988
1461891940409032706
1461891938982973446
1461891938869780487
1461891938324561926
1461891937389006852
1461891937028526089
1461891937011646469
1461891935505817602
1461891934037946370
1461891933954088968
1461891933584998400
1461891933580652545
1461891933194752000
1461891933165477890
1461891932041277440
1461891931617644546
1461891931340894213
1461891931277959168
1461891930611232772
1461891930397167624
1461891930015604748
1461891929428344832
1461891929394843651
1461891929390657536
1461891928505655306
1461891926957907974
1461907144907780099
1461907144844976130
1461907144307924994
1461907143364251649
1461907143234240517
1461907141950726157
1461907141426663433
1461907141204185098
1461907140814065664
1461907139639844879
1461907139614724101
1461907138528391172
1461907137022468097
1461907136795926535
1461907134032101377
1461907133952319496
1461907132970942469
1461907131226112009
1461907130823307273
1461907130672427008
1461907130504695810
1461907130429046798
1461907129330196487
1461907129254641664
1461907128822734848
1461907128583548928
1461907127883087885
1461907127690223619
1461907127186853894
1461907125920223237
1461907125089837056
1461907124699766787
1461907124318048257
1461907123516985345
1461907122975821825
1461907121772150786
1461907121667248134
1461907121465966599
1461907120866181126
1461907120303980544
1461907119758725124
1461907118366339074
1461907118282493953
1461907117732872193
1461907117158273027
1461907116877172740
1461907116575318022
1461907114872479744
1461907114238955523
1461907114067177480
1461907113958121474
1461907113689628678
1461907113580675076
1461907112179683330
1461907111974158341
1461907111651291136
1461907110527225860
1461907109876961283
1461907109008662528
1461907108090290176
1461907107050139660
1461907107024834564
1461907106999771141
1461907106165100552
1461907103967289348
1461907103866515459
1461907103577112582
1461907103333949449
1461907102994157570
1461907102008373249
1461907101958098944
1461907101660463107
1461907101102579712
1461907100154556417
1461907099135275011
1461907097969434624
1461907096971190274
1461907096786677761
1461907096509816838
1461907096283328518
1461907095163486211
1461907094693625858
1461907094605606916
1461907092869058560
1461907091824594947
1461907091757535232
1461907091287724034
1461907091149496321
1461907090767757315
1461907090105110528
1461907090075578374
1461907089953939458
1461907089517793286
1461907089014636548
1461907088926334984
1461907087051530248
1461907087013912578
1461907086757949440
1461907085868810240
1461907084207742979
1461907080135200773
1461907079296393219
1461907079002673153
1461907078201683971
1461907077627101186
1461907077228425221
1461907076192559105
1461907076112797696
1461907075861073924
1461907075202641926
1461907073365536770
1461907072036093957
1461907071348064258
1461907070421114887
1461907069133635584
1461907068315602948
1461907068080861184
1461907067883687938
1461907067774529539
1461907067724353544
1461907066860101639
1461907064565940225
1461907063655698433
1461907062317801472
1461907061449572352
1461907060627415040
1461907060510101513
1461907060241567747
1461907058899492867
1461907057674797058
1461907057527955459
1461907057007685635
1461907055816548352
1461907054155685888
1461907053233025028
1461907052985393160
1461907052784066561
1461907052599590916
1461907052037656578
1461907050997460994
1461907049390956546
1461907048237572102
1461907047973154821
1461907047675486213
1461907046949920773
1461907043116191748
1461907043082670082
1461907041681772544
1461907041656709123
1461907041585295362
1461907041295998978
1461907040507502596
1461907040184459265
1461907039555366916
1461907039475548160
1461907038603251721
1461907038238167040
1461907038150094859
1461907037680513026
1461907035948294147
1461907035830714373
1461907035331645441
1461907035289649157
1461907035184898049
1461907032710295555
1461907031334408198
1461907029690241027
1461907028952039429
1461907028759166979
1461907028754927623
1461907028645801987
1461907027727306761
1461907027345620995
1461907027341553672
1461907026322366475
1461907025714200584
1461907025114415113
1461907024132849665
1461907023008727045
1461907021997899781
1461907021666525185
1461907021033209859
1461907021020766211
1461907020957761541
1461907020592738311
1461907020047699973
1461907018013241347
1461907016746684421
1461907016624922625
1461907015945621505
1461907015278608387
1461907014137745411
1461907013579980804
1461907013051555847
1461907011298377732
1461907011055099907
1461907010073632768
1461907009280696324
1461907005212434435
1461907003887034371
1461922244570066950
1461922243685015553
1461922243642941443
1461922243139682304
1461922242393260039
1461922241923457024
1461922241713557507
1461922241374007304
1461922240845516802
1461922238836396036
1461922238299578381
1461922237079076865
1461922236399456256
1461922235866923009
1461922235782938631
1461922230200270851
1461922230078775296
1461922229977894918
1461922229554458624
1461922228669276163
1461922228417691648
1461922227834732547
1461922227474083840
1461922227088084996
1461922226836541444
1461922223695015940
1461922223430815751
1461922222826831872
1461922222726172672
1461922222721884166
1461922222663258115
1461922222285615107
1461922222243827712
1461922220695908359
1461922220339613699
1461922220012306432
1461922218720382981
1461922217336483840
1461922216711540747
1461922214694072321
1461922213775519745
1461922213465100289
1461922212978462721
1461922212575907848
1461922211820814337
1461922211237818371
1461922209740505090
1461922208117309442
1461922208046108672
1461922207840587785
1461922207320449029
1461922207261671426
1461922206712320002
1461922205705687045
1461922205542105095
1461922205483384833
1461922204413829122
1461922204292194317
1461922204199829505
1461922202824105988
1461922201943392259
1461922199770583043
1461922199225262081
1461922198851964928
1461922198512234496
1461922198210314241
1461922197681819648
1461922196771778560
1461922196478042115
1461922195647696899
1461922195387535365
1461922195177975813
1461922194246840326
1461922193722335234
1461922193441374212
1461922193353453576
1461922193038843905
1461922192510177280
1461922191793029125
1461922191755202563
1461922191742623747
1461922191365214213
1461922190765355008
1461922190580977667
1461922190580846595
1461922189775491075
1461922188332650512
1461922187187609605
1461922186860511233
1461922186717908993
1461922186097135616
1461922185128423425
1461922183819644929
1461922183630962696
1461922183576440832
1461922183098241029
1461922182628450307
1461922182389547012
1461922182334922756
1461922181579829248
1461922180132913157
1461922179705102344
1461922178333609987
1461922178312646656
1461922177540710404
1461922176441933824
1461922175565373446
1461922175091298307
1461922173262598151
1461922172721631232
1461922172667154432
1461922172625113089
1461922172541317121
1461922172197212167
1461922171249381379
1461922170825674753
1461922169865261058
1461922168758022148
1461922166924976131
1461922166887235584
1461922166430121991
1461922165440323584
1461922164492410880
1461922164446310400
1461922164303564803
1461922163892625410
1461922161099038720
1461922160495136770
1461922160222560257
1461922160172314636
1461922159060611073
1461922158779662336
1461922158003703811
1461922156523175939
1461922156489568256
1461922156397285376
1461922156292362241
1461922156229664773
1461922156120449026
1461922155814293508
1461922155390668805
1461922154287611907
1461922153855533058
1461922153738031108
1461922153239134215
1461922151829749764
1461922151787806721
1461922151318052864
1461922151028510722
1461922150613504001
1461922150466547713
1461922146347675648
1461922146045755395
1461922145735516161
1461922144770834436
1461922143579426816
1461922143437037572
1461922142807683076
1461922142145110018
1461922142048722945
1461922141323120651
1461922141071294468
1461922141008543745
1461922140710752256
1461922139607609349
1461922139133595648
1461922139112673281
1461922137980162052
1461922137858449413
1461922137699196932
1461922137124577283
1461922136407244807
1461922136168308738
1461922135304200194
1461922135253741572
1461922133689307140
1461922133450186762
1461922133039214601
1461922132816973832
1461922130208120833
1461922129771905024
1461922128630927360
1461922128102625281
1461922126844231681
1461922125938245637
1461922125804048385
1461922125694914569
1461922125271506947
1461922124688355336
1461922124323377154
1461922124231290885
1461922124210130945
1461922123765583873
1461922123350523914
1461922123044196353
1461922122700402691
1461922122687782915
1461922122654109702
1461922122641526784
1461922122561900544
1461937344014163969
1461937342940393475
1461937341967355906
1461937341086539780
1461937340268441605
1461937338599317505
1461937336510558216
1461937336204382209
1461937335952498695
1461937335579385864
1461937334564311046
1461937334266572807
1461937333700341763
1461937333310214147
1461937332563623939
1461937332441923585
1461937327673065473
1461937327513616388
1461937326414774274
1461937326125371393
1461937325231857676
1461937324279828485
1461937323432714245
1461937322920927236
1461937322820259842
1461937322102964227
1461937321058652160
1461937320853061633
1461937319578161153
1461937318441324547
1461937318214832130
1461937317732511747
1461937317405462529
1461937316830740481
1461937316050571265
1461937315782307843
1461937315547258885
1461937315161333766
1461937315157352450
1461937314704375808
1461937314339250180
1461937313634820100
1461937313181835264
1461937312452030467
1461937312397283332
1461937311361294341
1461937311327952896
1461937311227080704
1461937310589665289
1461937309599866881
1461937309549481991
1461937309343891457
1461937308958171137
1461937307477372932
1461937305220964352
1461937304973373440
1461937303828537349
1461937303086108674
1461937302935117824
1461937302846918658
1461937302758850562
1461937300213059591
1461937299361435651
1461937298870730756
1461937296266043394
1461937296043741184
1461937295771242496
1461937295003725825
1461937293145427973
1461937292814086148
1461937292768165889
1461937292508028930
1461937291971211269
1461937290985410568
1461937290134044674
1461937289811185670
1461937289291046917
1461937289219612677
1461937286950522884
1461937286124388353
1461937285985824771
1461937284610146305
1461937282987048964
1461937282668285960
1461937281388875779
1461937279753019425
1461937279660802052
1461937279203790856
1461937278683697156
1461937278276747266
1461937277224038401
1461937276989104128
1461937276582350854
1461937276183728129
1461937273566638080
1461937273331539974
1461937272455155717
1461937269095424003
1461937269074542596
1461937268864786438
1461937268428394497
1461937268332060677
1461937268160012302
1461937268092899328
1461937267388334085
1461937267338055682
1461937266473848850
1461937265194639367
1461937264192364545
1461937262887796743
1461937262585782277
1461937262250311683
1461937262225207296
1461937261939941377
1461937261243629570
1461937257707831299
1461937257129066500
1461937256462098442
1461937255480799233
1461937254457298944
1461937253798670336
1461937251835858951
1461937251261116416
1461937251101802499
1461937251085012993
1461937250187366401
1461937248648278021
1461937248404852742
1461937247448489986
1461937247188619266
1461937247008137227
1461937246840537090
1461937246458818561
1461937244340568067
1461937241199194116
1461937240976904194
1461937240762814471
1461937239332724738
1461937238644871171
1461937237403353090
1461937237399158792
1461937236866392068
1461937236610465794
1461937236530937859
1461937236476194819
1461937236342190080
1461937235826294785
1461937234068783111
1461937233162821641
1461937232583999493
1461937230750969859
1461937230063157252
1461937230058979331
1461937229899649027
1461937228813254660
1461937228398137345
1461937227777384449
1461937227341213699
1461937226674286598
1461937226628087811
1461937226481381378
1461937226401603584
1461937226036641801
1461937225923506179
1461937225730609152
1461937225634041860
1461937224338100224
1461937223713107968
1461937221754183681
1461937221427159044
1461937220516995076
1461937220382826499
1461937219686617089
1461937219657244677
1461937219522871300
1461937219426422788
1461937219086819328
1461937219078402050
1461937218436616194
1461937218390413314
1461937218268938242
1461937217530732544
1461937215894966272
1461937213592281088
1461937210979192836
1461937210303946752
1461937210198953989
1461937209234362371
1461937208852680704
1461937208366141443
1461937207816695812
1461937207598592001
1461937207309225987
1461937207086878724
1461937206675836930
1461937206335967238
1461937205572780033
1461937205295861766
1461937204033306629
1461937203769229312
1461952443445620738
1461952442984062978
1461952442392883201
1461952442346704896
1461952442036281349
1461952440887136256
1461952440790437890
1461952440551370755
1461952439020662785
1461952438890598403
1461952436977815558
1461952436134895619
1461952432402046976
1461952430426378248
1461952430397181953
1461952429793202180
1461952429717696521
1461952429570674688
1461952429327478791
1461952428874473473
1461952428564230144
1461952427628929024
1461952426261377030
1461952426148257800
1461952425867329537
1461952425191825412
1461952424885817349
1461952424063619077
1461952423698866184
1461952423539449859
1461952422327300105
1461952422117400578
1461952421702209544
1461952420628647938
1461952420452257798
1461952418594361344
1461952417680039942
1461952417482817545
1461952416828510209
1461952416459288578
1461952416157474824
1461952416061050888
1461952415083614209
1461952413938683915
1461952413762523151
1461952413229715460
1461952412500082688
1461952411925417985
1461952411636019202
1461952410759225346
1461952410281123848
1461952409983283202
1461952409614397441
1461952409404645380
1461952408947470342
1461952408762961927
1461952407420743684
1461952407110356994
1461952406527221763
1461952406082699269
1461952405797584898
1461952405797580802
1461952405793390592
1461952403608117248
1461952400994885636
1461952400911224835
1461952399053099010
1461952398549663744
1461952398482714629
1461952398327484418
1461952398105186304
1461952397727580163
1461952397505437696
1461952397463355393
1461952397303955461
1461952397283102721
1461952396792418305
1461952396268122114
1461952395924094992
1461952395756249088
1461952395621978112
1461952395357745158
1461952393143222273
1461952392648396807
1461952390970621956
1461952390177996802
1461952386809876483
1461952385220284417
1461952383269761028
1461952383240617986
1461952383240617984
1461952383093723141
1461952382737080322
1461952382288289792
1461952382053531656
1461952381852205056
1461952381189607426
1461952380816093187
1461952380392521734
1461952380090699782
1461952379914534916
1461952379364986882
1461952378295443461
1461952378240831489
1461952377930465281
1461952375912992768
1461952375619346432
1461952375594393607
1461952373786566658
1461952373702606851
1461952373551685642
1461952371601264649
1461952370380730371
1461952369760129030
1461952369025978372
1461952368724041728
1461952368438882304
1461952368409554945
1461952366954098695
1461952366878547968
1461952366043881472
1461952365209309197
1461952364798164994
1461952364676624384
1461952364349382667
1461952363909070848
1461952363552329735
1461952363535769603
1461952363393175557
1461952360637513728
1461952360465375232
1461952359479660545
1461952359014318081
1461952358825529346
1461952358393401344
1461952357860794370
1461952356900216832
1461952356048900098
1461952355923021826
1461952355004465155
1461952354652205066
1461952353792311303
1461952353230282757
1461952352617914370
1461952352361988103
1461952350516514819
1461952350357229574
1461952349728088069
1461952349207998465
1461952349077839880
1461952348805156866
1461952348796841988
1461952348738056196
1461952348104790020
1461952347387711490
1461952346599084033
1461952346372681730
1461952346204749825
1461952345986805763
1461952345751752707
1461952345604976640
1461952344552361988
1461952344279506950
1461952343751245825
1461952343746830336
1461952343704948736
1461952343348498433
1461952343205810181
1461952341813473285
1461952341553385472
1461952340357955586
1461952340194385922
1461952340106358794
1461952339926032392
1461952339749842950
1461952339422633984
1461952338340548612
1461952337644331014
1461952337510031364
1461952337359089670
1461952336792743937
1461952336624947200
1461952335886831622
1461952334246854656
1461952333512728587
1461952332334256128
1461952331151511558
1461952330660597763
1461952330451070977
1461952330429984768
1461952330203635719
1461952329804959745
1461952329511440386
1461952329083604994
1461952329079406592
1461952329020686338
1461952328878198788
1461952328605605890
1461952324973182977
1461952323199057929
1461967543099277314
1461967542935691270
1461967542512140297
1461967542180851712
1461967542176686082
1461967542059163648
1461967542000492546
1461967541736247296
1461967540553453568
1461967539907575816
1461967539702050821
1461967539257450497
1461967539114848257
1461967538158452736
1461967537764286472
1461967537521012739
1461967537437134851
1461967537327906816
1461967536631607301
1461967535851593734
1461967533943103492
1461967533846769673
1461967533280538629
1461967533276340232
1461967532768862208
1461967531774816264
1461967531158114306
1461967530919174149
1461967530403188736
1461967530113724418
1461967529421770755
1461967529019064322
1461967529002348556
1461967528176103431
1461967527983071233
1461967527655968773
1461967527186157571
1461967527043649542
1461967525722394624
1461967525491601412
1461967525214707712
1461967525135233024
1461967524749189126
1461967524363444224
1461967523474292741
1461967522782138376
1461967521855287302
1461967521792339971
1461967521674936326
1461967521272107008
1461967521100144646
1461967520525475847
1461967519493754880
1461967519464534024
1461967519124799494
1461967519007358977
1461967518759858176
1461967518231408640
1461967515383263234
1461967515144310793
1461967514737516545
1461967514657775621
1461967513923690503
1461967513831497732
1461967513542176773
1461967513521172485
1461967512745103365
1461967512585736193
1461967512011223042
1461967511335968770
1461967510950006788
1461967510740381696
1461967509343678464
1461967509326815232
1461967508987129858
1461967508009893896
1461967506529300485
1461967506395041794
1461967505824620544
1461967504905961480
1461967503920406528
1461967503710732291
1461967503605870593
1461967502800474113
1461967502783700994
1461967502397911045
1461967502016196610
1461967501483560964
1461967500967567360
1461967500615294978
1461967499520450560
1461967499415760905
1461967499382210560
1461967498648113159
1461967498497204230
1461967497314381831
1461967497142353922
1461967494873116683
1461967493975658496
1461967493258485765
1461967492956491777
1461967492746784772
1461967492256043011
1461967491635236867
1461967491027066892
1461967490938982403
1461967490032963593
1461967489823395841
1461967489336852489
1461967488959201280
1461967488590176260
1461967488011411457
1461967487726145538
1461967487130603520
1461967486258192393
1461967486182739971
1461967485947850753
1461967485893283847
1461967485796642822
1461967485666795522
1461967485436059650
1461967483766673409
1461967482558681095
1461967482240053248
1461967481933733888
1461967481568964608
1461967481531154435
1461967480725848069
1461967479949828099
1461967479580893186
1461967479094140935
1461967478939136007
1461967478775599112
1461967478695813120
1461967477454217223
1461967477060083720
1461967476904710145
1461967476862996480
1461967476837826573
1461967475852169216
1461967475621384194
1461967475512430596
1461967475415961601
1461967475256565762
1461967474224771075
1461967473402654722
1461967472626655234
1461967471737556992
1461967471485751300
1461967470445608963
1461967469833334786
1461967469195800579
1461967468629352450
1461967468574900226
1461967468482682881
1461967468067532800
1461967467681570822
1461967465240432641
1461967464452009988
1461967464133058563
1461967463877328898
1461967462858211334
1461967462547824642
1461967462518378498
1461967461918679049
1461967459242676225
1461967459053977604
1461967458944888838
1461967458894557184
1461967457963368451
1461967457443274759
1461967456856072197
1461967456650477580
1461967456273108997
1461967455744630787
1461967454373134338
1461967453672591369
1461967452993212420
1461967452305248256
1461967451994742785
1461967451101573126
1461967450719850497
1461967450375745541
1461967450048716806
1461967449692143621
1461967449474179075
1461967449037934594
1461967448941412361
1461967448169664512
1461967447670542338
1461967447095795714
1461967446470918153
1461967445573476353
1461967444998868993
1461967444826902537
1461967444700979204
1461967444252119041
1461967444197707781
1461967443811872770
1461967443199410176
1461982642312781824
1461982642283425796
1461982642270715913
1461982642077937670
1461982640777613312
1461982639498354692
1461982639255138315
1461982638110134272
1461982638042984450
1461982637883633675
1461982637782970373
1461982637321592837
1461982636994437133
1461982636864413699
1461982636453371907
1461982636000247809
1461982635211829253
1461982634846789634
1461982634771423243
1461982634591109121
1461982632892416001
1461982632783360003
1461982632548446214
1461982632368123908
1461982632007409664
1461982631403438085
1461982631302676485
1461982631185334275
1461982630962892800
1461982630694502403
1461982630669336593
1461982630614818819
1461982630224797699
1461982630145138692
1461982630103158790
1461982629725716486
1461982629692166147
1461982629671186434
1461982629511716867
1461982628844822528
1461982628756787201
1461982628601606145
1461982628563800069
1461982628526145541
1461982627695583233
1461982625577553921
1461982625086771203
1461982624948232200
1461982624302256129
1461982624143097862
1461982623840890883
1461982623664947202
1461982623413252102
1461982622687666179
1461982622377295876
1461982621588672515
1461982619965427716
1461982619390906376
1461982619294486534
1461982618182955008
1461982618044489735
1461982617964851200
1461982617545412612
1461982617427976199
1461982617411014659
1461982616752635907
1461982615636951045
1461982615616032770
1461982615511044097
1461982614684946439
1461982614529712129
1461982613699276800
1461982612851937281
1461982612591976449
1461982611807653893
1461982611513872385
1461982610645667845
1461982608796139525
1461982608385003531
1461982607923630083
1461982607898521601
1461982607059603456
1461982606858227713
1461982606707281921
1461982606506045440
1461982606250201098
1461982605805600778
1461982605323079683
1461982605075701770
1461982604517851142
1461982604031410177
1461982603569991689
1461982603565694983
1461982602038898688
1461982601946664963
1461982601426710537
1461982600835309569
1461982600730394626
1461982599497269249
1461982599090483204
1461982599006486529
1461982598884995079
1461982598884782080
1461982598457143298
1461982598352326656
1461982597115006977
1461982596695531524
1461982596481499145
1461982595650969607
1461982595634409473
1461982595575595022
1461982594216734720
1461982594157981701
1461982593927233541
1461982589867208706
1461982589728739335
1461982589686849539
1461982589594468355
1461982589565214720
1461982589187608579
1461982589112225794
1461982588923490305
1461982588709572620
1461982588365594630
1461982587623133191
1461982586373382146
1461982586343870470
1461982585349935105
1461982585135976455
1461982584787943426
1461982584343339014
1461982584309796866
1461982583840034816
1461982582900498434
1461982582472679434
1461982582023798785
1461982581231075329
1461982581176483840
1461982580773957638
1461982580241219593
1461982579612073988
1461982579146563586
1461982578643189763
1461982578274193410
1461982577758289926
1461982577267511298
1461982577011531781
1461982576965476356
1461982576776732673
1461982576621457408
1461982576617218055
1461982575358996482
1461982575036145668
1461982574931292163
1461982574859927556
1461982574503419906
1461982574365102082
1461982573391872011
1461982573056438276
1461982573052186631
1461982571634606087
1461982570892214273
1461982570325975044
1461982569935687683
1461982568757153795
1461982568488783877
1461982568031698945
1461982567280824323
1461982566655971332
1461982566081343491
1461982565917548548
1461982565200384004
1461982564424560646
1461982563430400004
1461982560951705602
1461982560674791430
1461982559865393153
1461982558380597248
1461982558380507150
1461982558082764801
1461982557386518532
1461982556891451401
1461982556694458368
1461982556585435136
1461982556505579520
1461982555293507592
1461982554995798017
1461982554945429504
1461982554379243524
1461982554207129603
1461982552235941892
1461982551153725443
1461982550990196740
1461982549237022733
1461982549178138633
1461982548498731014
1461982548427296770
1461982548150607879
1461982546942730244
1461982546749763591
1461997742058840068
1461997742025330691
1461997741454864386
1461997741438128133
1461997741173878794
1461997740917805072
1461997740628615173
1461997740313878528
1461997739139608577
1461997739068116998
1461997738678276108
1461997738636292102
1461997738510401537
1461997738434850816
1461997738254606338
1461997737050886144
1461997736161517569
1461997735582830595
1461997735532445696
1461997734991441922
1461997734467186688
1461997734219722752
1461997734001577991
1461997732193837056
1461997731896086532
1461997731761819650
1461997731602382853
1461997730834878465
1461997730608336896
1461997730268692487
1461997730239332362
1461997729962356740
1461997729551368196
1461997729287221248
1461997728758517761
1461997728754552835
1461997728507084803
1461997728431591425
1461997727034667013
1461997726804099073
1461997726472753156
1461997726372188163
1461997726078578689
1461997726078406657
1461997726011469829
1461997725914959874
1461997725902413826
1461997725726085125
1461997725562589188
1461997724690169864
1461997724631552008
1461997724266647554
1461997724056891397
1461997723540938754
1461997723129888777
1461997722941239296
1461997722685386752
1461997721817071627
1461997721728991232
1461997721544495106
1461997721234120706
1461997720827166726
1461997720600825865
1461997720470708224
1461997719808053255
1461997718771879937
1461997718344290305
1461997718184755203
1461997717815631872
1461997717727723521
1461997717715132417
1461997717664632835
1461997716846878725
1461997715957567492
1461997715034984449
1461997714930028544
1461997714162556932
1461997713428344833
1461997712711335938
1461997712648331264
1461997712182853634
1461997711264075780
1461997710865833984
1461997710760812546
1461997709456560128
1461997709351694339
1461997709271965701
1461997708831559683
1461997708701536256
1461997708642766850
1461997708592439303
1461997707707379718
1461997707598438400
1461997707552243712
1461997707233427459
1461997707069992965
1461997706428227589
1461997705815801858
1461997705308393479
1461997704679149570
1461997704213671939
1461997704049999877
1461997703773229057
1461997703320190976
1461997701248086019
1461997700908564482
1461997700661096450
1461997700359012357
1461997700346490886
1461997699952222209
1461997698782048261
1461997697230118926
1461997696995241986
1461997696252792833
1461997695950901252
1461997695908917248
1461997695090970625
1461997694872801282
1461997694868672519
1461997694210256897
1461997694147346439
1461997694138953729
1461997693966991365
1461997693744652289
1461997693304254464
1461997692759027714
1461997692310233094
1461997692175978500
1461997690661879808
1461997690657677316
1461997690322046985
1461997688493428738
1461997688342339586
1461997688229089280
1461997687901937669
1461997687465779204
1461997687402901504
1461997687243481092
1461997687214120965
1461997686488387585
1461997686308102150
1461997686140375041
1461997685750353926
1461997685225963520
1461997685154660352
1461997684882120707
1461997684336832516
1461997682109685764
1461997682084433927
1461997681769918464
1461997680507379717
1461997680188477440
1461997680092225551
1461997679651659777
1461997679249084419
1461997678980747265
1461997678276063248
1461997678104129538
1461997676141056000
1461997675989983235
1461997674429833219
1461997673129648131
1461997672676704263
1461997670839595017
1461997669690314752
1461997669648379905
1461997668478058500
1461997667941236738
1461997667219914758
1461997667119214593
1461997666863255558
1461997665462329346
1461997665407979526
1461997665030393859
1461997664015314945
1461997661721178112
1461997661351940096
1461997661347790849
1461997661276590081
1461997661163118594
1461997660840157186
1461997660592914432
1461997658659303429
1461997658449448968
1461997657904148481
1461997657036103687
1461997655794634759
1461997653722648576
1461997652900564992
1461997652149608449
1461997650698514436
1461997650203586568
1461997648945336320
1461997648609779712
1461997648290922499
1461997647728988162
1461997647057899523
1461997646911086593
1461997646047031299
1461997645883392001
1462012841431605248
1462012841087705091
1462012840852656131
1462012840760520710
1462012840710082566
1462012840215257092
1462012838973743107
1462012838764064773
1462012838306799618
1462012837681901575
1462012837660930051
1462012837316808706
1462012837258317828
1462012837035970564
1462012836918480900
1462012836864049158
1462012836293451777
1462012836272504842
1462012835995824128
1462012835031044102
1462012834678722566
1462012833978372098
1462012833969975298
1462012833969938436
1462012833827368968
1462012833529536519
1462012832543879183
1462012832522727428
1462012832468275206
1462012831696523267
1462012830887125006
1462012830438367233
1462012830014713863
1462012829876338694
1462012829704155142
1462012829347852296
1462012829159071745
1462012829087813636
1462012828307668997
1462012828248854534
1462012828068429825
1462012827988807686
1462012827854585867
1462012827443605507
1462012827439222790
1462012826499776515
1462012825988210693
1462012825845612547
1462012824671162371
1462012823219818497
1462012822624346113
1462012822540406787
1462012822024454147
1462012821689061384
1462012821504507906
1462012821428916226
1462012821181456386
1462012821164732419
1462012820892045313
1462012820699107329
1462012820355223555
1462012819927351303
1462012819919060993
1462012819801522180
1462012819788865543
1462012819348545540
1462012818899673088
1462012818002120709
1462012817725394947
1462012817377312772
1462012817213571077
1462012816681050115
1462012816336973827
1462012816244842504
1462012816039165956
1462012815254818818
1462012815162568705
1462012814479044610
1462012813686317061
1462012813568876545
1462012813174616066
1462012813036212231
1462012812906147843
1462012812633464832
1462012812587417601
1462012812536987662
1462012811165458443
1462012811031232513
1462012810909700103
1462012810897014786
1462012810804797453
1462012810678919170
1462012810209247234
1462012810032926725
1462012809953234948
1462012809571491848
1462012808510455811
1462012808426663940
1462012808384684034
1462012807298404359
1462012806887268358
1462012806719496195
1462012806673289217
1462012806488735749
1462012806077816834
1462012805880684547
1462012805851328519
1462012805687746563
1462012804764950534
1462012804249047041
1462012804123090944
1462012802751684608
1462012801325621248
1462012801090613248
1462012798565818370
1462012798440034304
1462012797009551360
1462012794711289863
1462012793251635204
1462012793096482823
1462012792903553029
1462012791477485572
1462012790881898497
1462012790663794690
1462012790168858626
1462012790135312389
1462012788595826689
1462012788327555078
1462012788122042376
1462012786448515078
1462012784896626690
1462012784842006535
1462012784418467848
1462012783537524740
1462012783206318083
1462012783143309317
1462012783038500870
1462012783030161412
1462012782648471557
1462012782384140303
1462012782099017734
1462012782090489858
1462012781901848581
1462012781541175299
1462012781310394374
1462012781289422848
1462012781142720512
1462012780421304320
1462012780161257477
1462012779406278665
1462012779175428097
1462012777543913472
1462012777405599744
1462012777397202949
1462012777015427080
1462012776973545476
1462012776231026690
1462012776193269772
1462012775958523905
1462012775748808709
1462012775702482944
1462012775052587009
1462012775052554242
1462012774909947905
1462012774867996676
1462012773286699013
1462012773064327179
1462012772393304071
1462012772363943937
1462012772296773633
1462012772061958148
1462012771407732738
1462012770149449730
1462012769901895684
1462012768899403778
1462012768085753862
1462012768052256771
1462012766668083207
1462012766328344584
1462012765946761217
1462012765443342338
1462012765195968518
1462012765003001859
1462012764709339136
1462012764017381380
1462012763996405767
1462012763736313856
1462012763283365896
1462012763044155395
1462012761672609794
1462012761123209218
1462012760976502787
1462012760925958149
1462012760682901505
1462012760083030016
1462012759650947076
1462012759433003015
1462012759344705536
1462012759139250176
1462012759110037507
1462027940775014402
1462027940552658948
1462027940124893189
1462027940082954253
1462027939810320391
1462027939634040838
1462027937834844166
1462027937834844163
1462027937826361346
1462027937490747399
1462027937243439110
1462027937218240514
1462027936945647616
1462027935595044878
1462027935347478533
1462027935330701319
1462027934701654019
1462027934416478209
1462027933963403267
1462027931958448131
1462027931547541506
1462027931534995457
1462027929739837441
1462027929572061196
1462027928456216583
1462027928145842177
1462027927529402377
1462027926476521472
1462027926216527886
1462027925654487046
1462027925197316109
1462027924509446155
1462027924266176512
1462027923997663233
1462027923439767557
1462027923389620231
1462027923301543947
1462027922932383753
1462027922928291846
1462027922794061832
1462027922579988480
1462027922479460353
1462027921955110917
1462027921707749379
1462027921464250374
1462027921162391556
1462027921015681029
1462027920889810950
1462027920726179847
1462027920713519108
1462027920252317696
1462027919866449920
1462027919824465924
1462027919245651973
1462027918742372355
1462027918360600586
1462027917861572611
1462027917853143046
1462027917349699586
1462027916766814212
1462027916628348928
1462027915634352133
1462027915403558920
1462027915265294352
1462027915009441795
1462027914862641152
1462027914564849669
1462027913868447747
1462027912169799681
1462027912086003718
1462027911679127555
1462027911347671042
1462027911318409225
1462027910609399809
1462027909955264512
1462027909942562820
1462027909854638083
1462027909602938887
1462027909305192448
1462027909158297604
1462027909158289410
1462027908856299520
1462027908541816835
1462027908256391176
1462027908009103360
1462027907858108420
1462027907832893445
1462027907648397312
1462027907589619723
1462027907379851270
1462027906964721667
1462027906780045312
1462027906696232963
1462027906520166404
1462027906142584836
1462027905890988045
1462027905752604683
1462027904678719502
1462027904615948293
1462027903772860418
1462027902720036865
1462027902694928395
1462027902057340937
1462027902036418561
1462027901977640964
1462027901273100291
1462027901260505088
1462027900832649218
1462027900769681408
1462027900606025730
1462027900362932233
1462027900065038343
1462027898538311686
1462027898244800515
1462027898152538115
1462027898005643271
1462027897959587845
1462027897812619273
1462027897577820161
1462027897498124296
1462027896835424263
1462027896587968515
1462027896415870976
1462027896042803205
1462027895832989702
1462027895740772357
1462027895547781122
1462027895266816002
1462027895203840004
1462027894226661384
1462027893530370062
1462027893475885057
1462027893433765890
1462027893295525891
1462027892943167489
1462027892708331523
1462027892322406400
1462027892116889605
1462027891999453193
1462027891865182214
1462027891231756297
1462027890409807872
1462027889805860864
1462027889688420358
1462027889658970112
1462027889357074443
1462027889323425801
1462027888996327431
1462027888912486404
1462027888878710790
1462027888505536517
1462027888119758854
1462027888002220034
1462027887851282436
1462027887029202954
1462027886840397828
1462027886760714242
1462027886697746437
1462027886513295363
1462027885720612867
1462027885410086917
1462027885355548677
1462027884449648648
1462027883845754887
1462027883518599174
1462027883237552129
1462027882990129161
1462027882247634955
1462027882037923853
1462027882029633544
1462027881664724997
1462027881610108932
1462027881459195910
1462027881077518337
1462027880825769991
1462027880762945544
1462027880624529417
1462027880439894023
1462027880192425985
1462027879823327243
1462027878875475973
1462027878300852225
1462027878120542208
1462027877822566402
1462027877738860544
1462027877457793030
1462027877185171456
1462027876367319043
1462027876144930818
1462027874844635137
1462027874567958532
1462027873896878087
1462027873456373760
1462027873091563523
1462027873007685633
1462027872525299718
1462027871850012673
1462027870692327430
1462027870688014336
1462027870306451459
1462043039837396993
1462043039799693317
1462043039409623047
1462043039237611522
1462043038637862975
1462043038251954179
1462043038117552128
1462043037589254148
1462043037559836683
1462043037249552393
1462043037031403525
1462043035798323201
1462043035668254725
1462043035454353408
1462043035391250437
1462043035324370957
1462043035185864711
1462043035152306179
1462043034753896453
1462043034112167939
1462043034036674561
1462043033415913484
1462043033042571273
1462043032975458309
1462043032723902464
1462043032610643969
1462043032358993928
1462043032132497411
1462043031914250248
1462043031524290566
1462043031318646786
1462043030723174402
1462043030106554372
1462043030052089860
1462043029972389897
1462043029959852032
1462043029913677832
1462043029326360592
1462043028718293000
1462043028391182343
1462043028332363780
1462043027283841037
1462043026608566273
1462043026549837837
1462043026361040901
1462043026151424001
1462043025551413257
1462043025291554829
1462043024519688194
1462043024498823174
1462043024377225223
1462043023672549383
1462043023387381780
1462043023378948097
1462043022309400581
1462043021583736833
1462043020740734976
1462043020568797193
1462043019939618816
1462043019683713030
1462043018920439811
1462043018823970826
1462043018471555082
1462043018345824258
1462043018119286791
1462043018043838464
1462043017964134402
1462043016789700612
1462043016240279552
1462043016026222593
1462043015208308744
1462043014432501774
1462043014021455877
1462043013325238273
1462043013270618114
1462043012997910533
1462043012519890949
1462043012117188608
1462043011571875841
1462043011479654400
1462043011295162380
1462043011290996741
1462043010296913922
1462043010137399302
1462043008971550727
1462043008304570375
1462043008245903360
1462043007155421194
1462043007088275457
1462043006987640839
1462043006815678465
1462043006731636746
1462043006555627533
1462043006505267211
1462043005544812547
1462043005393719298
1462043004848558089
1462043004227637256
1462043003137273860
1462043002755555334
1462043002218721282
1462043002025689097
1462043001702731776
1462043001165955074
1462043001061101573
1462043001014915072
1462043001006424069
1462043000859770889
1462043000700289027
1462043000675225611
1462042999823781894
1462042999341387783
1462042999223947273
1462042998947004428
1462042998506766340
1462042998410289161
1462042998347288577
1462042998145961988
1462042998133309448
1462042997814611977
1462042997684674562
1462042997562957835
1462042997126836230
1462042996778668036
1462042996707414027
1462042996598259714
1462042996199800840
1462042996149559304
1462042996065640449
1462042995083993093
1462042994786324484
1462042994039742464
1462042994014666758
1462042993695805448
1462042993259601920
1462042993033105420
1462042992596983810
1462042992521277444
1462042992479457288
1462042992273993742
1462042992194293767
1462042991972040713
1462042991766368262
1462042991112110087
1462042991087001602
1462042991040733190
1462042990608674824
1462042990222974981
1462042989891661832
1462042989706899459
1462042989451259904
1462042989442830337
1462042988813557768
1462042988054552580
1462042987416928258
1462042985290473485
1462042984862523402
1462042984237522948
1462042984166350849
1462042984053100544
1462042983390449666
1462042982107037706
1462042982086029313
1462042981788262414
1462042981675020293
1462042981607751680
1462042981352062976
1462042981234581506
1462042981003898884
1462042980425023489
1462042979703660549
1462042979292651528
1462042978206236676
1462042978025885699
1462042976952066050
1462042976897675264
1462042976213876736
1462042976092307465
1462042975836549124
1462042975693946883
1462042975454646275
1462042975261892614
1462042975127678986
1462042974657912835
1462042974599233537
1462042974557282304
1462042974435655685
1462042974418874381
1462042973898625028
1462042973844033539
1462042973730914305
1462042973479354381
1462042972720148484
1462042972657229828
1462042971574976517
1462042971134574605
1462042970891468808
1462042969951899651
1462042967884115974
1462042967149998081
1462058140099305486
1462058140099305481
1462058139910492163
1462058137599586306
1462058137381339139
1462058137360519173
1462058137016483847
1462058136911630344
1462058136735522817
1462058136102125571
1462058136005611526
1462058135988817925
1462058135460323329
1462058135267381255
1462058135208747013
1462058134466269195
1462058134336323592
1462058133828816900
1462058133250056197
1462058133233319946
1462058133216538626
1462058133069733890
1462058132952297479
1462058132918603776
1462058132499169282
1462058132037947404
1462058131765317635
1462058131685621760
1462058131597447177
1462058131568037896
1462058131316432900
1462058131303899138
1462058130557194246
1462058129366126600
1462058128652996609
1462058128133009419
1462058127990403073
1462058127327641607
1462058127273177090
1462058127197708290
1462058126786580484
1462058126597713923
1462058126400794634
1462058126300045323
1462058126056767491
1462058125331030018
1462058125306040326
1462058124882460683
1462058124756586502
1462058124379144196
1462058123376664581
1462058123083010057
1462058123007569926
1462058122516873222
1462058122265120769
1462058121887686657
1462058121442967563
1462058120415490056
1462058120079884300
1462058120071553029
1462058119865929731
1462058119392071683
1462058117638897667
1462058117307506688
1462058117294968841
1462058116934156291
1462058114052767746
1462058113759068164
1462058112484093958
1462058111888510980
1462058111879897098
1462058111192154120
1462058111183859722
1462058111133536264
1462058110873448451
1462058110818816000
1462058110785396743
1462058110403624962
1462058110030393345
1462058109925400583
1462058109719953415
1462058109396996101
1462058108440752133
1462058108344279046
1462058108134387718
1462058107958353922
1462058107841003534
1462058107778080772
1462058107295698954
1462058106972774400
1462058106653925382
1462058105949364224
1462058105626193924
1462058105164939266
1462058105135677449
1462058105135677444
1462058104753823748
1462058104749801479
1462058104686788614
1462058104229666817
1462058103978008588
1462058103961235466
1462058103395037185
1462058102371627010
1462058102283550721
1462058102212022275
1462058101935382530
1462058101612466179
1462058101515993099
1462058101159473161
1462058101130018819
1462058100207333390
1462058099682992134
1462058098953269248
1462058098173042694
1462058097552330752
1462058096872902671
1462058096856080386
1462058096122114053
1462058096075759681
1462058095903924228
1462058094146555904
1462058093790044166
1462058092775059456
1462058092733112320
1462058092691030022
1462058092481466377
1462058091856465920
1462058091571257353
1462058091537743885
1462058091516620808
1462058091470483461
1462058091202199555
1462058091172663297
1462058090111582215
1462058089608204298
1462058089599971332
1462058089415208966
1462058089386024961
1462058089289560071
1462058088949854209
1462058088077348872
1462058087745871884
1462058087599198220
1462058087016243201
1462058085153976320
1462058084944146440
1462058084847824896
1462058084457664514
1462058083715141634
1462058083576946689
1462058083291701267
1462058083019018254
1462058082771644423
1462058082683351047
1462058082348019716
1462058082335297538
1462058081731420165
1462058081664307206
1462058081173622793
1462058081043496962
1462058080934379523
1462058080556892161
1462058080494137346
1462058080410165252
1462058080045309965
1462058079747510274
1462058079349055496
1462058078875136009
1462058078778576896
1462058078682107906
1462058077671370763
1462058077373415425
1462058076706508800
1462058076064858120
1462058073464446976
1462058073334468611
1462058073242095616
1462058073095348226
1462058071564431363
1462058071375683584
1462058071098753028
1462058070985482248
1462058069676937221
1462058069500866567
1462058069303648257
1462058068993355780
1462058068599001092
1462058068569690116
1462058068448063491
1462058068120948742
1462058067852505097
1462058067735064577
1462058067076521990
1462058066363432968
1462058066099286019
1462058066061504521
1462058065763573760
1462058065436499975
1462058065361088520
1462073239325351942
1462073238889148422
1462073238654230535
1462073238603776003
1462073238599749647
1462073237882474499
1462073237802782723
1462073237312057352
1462073236737249281
1462073236427051014
1462073235378520066
1462073235353346048
1462073235198124037
1462073234392862730
1462073234136780807
1462073234023755786
1462073233557966853
1462073233017085963
1462073232559906820
1462073232228499458
1462073232216014854
1462073231393894404
1462073231297302528
1462073230928359425
1462073230827536387
1462073230722699271
1462073230433275906
1462073230252986380
1462073230236307463
1462073228743041029
1462073228617261069
1462073228394962949
1462073227824418822
1462073227421884418
1462073227363053574
1462073226176208906
1462073225962147849
1462073225618333696
1462073225475768321
1462073225370865674
1462073225253433347
1462073225245040644
1462073224989188099
1462073224372662273
1462073224250806276
1462073223319855104
1462073222980157447
1462073222145495041
1462073222090969094
1462073222036267014
1462073221927292934
1462073221805711368
1462073221734297607
1462073219985379333
1462073219117105163
1462073218949390351
1462073218622279687
1462073218177585168
1462073217124737025
1462073216747417612
1462073216135012360
1462073215841226753
1462073215363297280
1462073215325544459
1462073213899489284
1462073213547020295
1462073212200697859
1462073212108427270
1462073211848429570
1462073211751964689
1462073210342678540
1462073209835167751
1462073209575067655
1462073209306583041
1462073208727908359
1462073208660713474
1462073207700148236
1462073207385690112
1462073207134040068
1462073206974685187
1462073206626562057
1462073206336942083
1462073206148415491
1462073205984837634
1462073205519228931
1462073205364080640
1462073205062082563
1462073204890079239
1462073204709728264
1462073204672024584
1462073204143443970
1462073203338194952
1462073203195580423
1462073203191332868
1462073203073945618
1462073202272878605
1462073201203294211
1462073200771223563
1462073200649535488
1462073200569896969
1462073199349403649
1462073199190024192
1462073198707679245
1462073198674161668
1462073198653194242
1462073197793189891
1462073197554249736
1462073197403127813
1462073197399003141
1462073197000548357
1462073196904124421
1462073196555943946
1462073196535025671
1462073195977220102
1462073195452899337
1462073195410997254
1462073195381538827
1462073195322818563
1462073194567843840
1462073194412716040
1462073194278535172
1462073193397735425
1462073193368326152
1462073193233928196
1462073193057951749
1462073192600817671
1462073192374169605
1462073192202350592
1462073192139341826
1462073192009375750
1462073191229235205
1462073191204020241
1462073190809800705
1462073190507814915
1462073190335791112
1462073190054780932
1462073189991956485
1462073189924847622
1462073189287223313
1462073188913872900
1462073188867842048
1462073188498780170
1462073188238585864
1462073187861028866
1462073187479396360
1462073187449982979
1462073187194261504
1462073185789255683
1462073185642426371
1462073185445330944
1462073185201971205
1462073185189478404
1462073184996368387
1462073184652562435
1462073184447082497
1462073183960387589
1462073183855595524
1462073183331307523
1462073183201288194
1462073183020982277
1462073183016820744
1462073182526095372
1462073182370861072
1462073181179625473
1462073181041213446
1462073180865056776
1462073180340764673
1462073180143730692
1462073179732541443
1462073179636174850
1462073179409567746
1462073179342524429
1462073179141287949
1462073178939920389
1462073178902065155
1462073178738634764
1462073178541502470
1462073178054930439
1462073177966792708
1462073177228685312
1462073177014685704
1462073176788189203
1462073176708558851
1462073176481931270
1462073176389603332
1462073175945232389
1462073175806726153
1462073175492206599
1462073175425101832
1462073175295111169
1462073174967865346
1462073174959525906
1462073174502395905
1462073174477230086
1462073174196207625
1462073174087159811
1462073173625786373
1462073173256585218
1462073172153577478
1462073171511816200
1462088338911989762
1462088338630922248
1462088337989242880
1462088337729024003
1462088336709926922
1462088336538013698
1462088335938129925
1462088335753502722
1462088335460024324
1462088335397036033
1462088334747000838
1462088334625419275
1462088334453489671
1462088334075961347
1462088334046601222
1462088333039919104
1462088332922531845
1462088332914184193
1462088332746399750
1462088332381343747
1462088331857211396
1462088331735404544
1462088331337113604
1462088331303526403
1462088331106435072
1462088330791858184
1462088329437011972
1462088329252507650
1462088329017663500
1462088328920981504
1462088328673644548
1462088328442908674
1462088327885201411
1462088327692275717
1462088327302111236
1462088326765166597
1462088326492606465
1462088326450659328
1462088326228361218
1462088325938876427
1462088325750312962
1462088325330653186
1462088324877885454
1462088324856913939
1462088324496166919
1462088324198408203
1462088323564900353
1462088323426443268
1462088323418238983
1462088323330105345
1462088323091079175
1462088322956808201
1462088322873016320
1462088322872979466
1462088322768162817
1462088322399014920
1462088322029953025
1462088321665052684
1462088321543413766
1462088321354588171
1462088321153310720
1462088321048330246
1462088320981385222
1462088320943632390
1462088320633159690
1462088320276746244
1462088320226369537
1462088319895056385
1462088319853080594
1462088319572058122
1462088319001497600
1462088318594666499
1462088318422712325
1462088317915312130
1462088317571411981
1462088316711583750
1462088316690575360
1462088316468273152
1462088316413779979
1462088316317220864
1462088315520356357
1462088315503587338
1462088315130290176
1462088315033866250
1462088314589220868
1462088314287235074
1462088314190708747
1462088313662226451
1462088313599414287
1462088313372913670
1462088312974450692
1462088312856920069
1462088312600993794
1462088312588582922
1462088312223584258
1462088311112146952
1462088310772441096
1462088310340337679
1462088310147452934
1462088309908279297
1462088309711253513
1462088308914278408
1462088308520103941
1462088308067033089
1462088308054441989
1462088307882577923
1462088307790204932
1462088307735547904
1462088307584733184
1462088307257614338
1462088307177885698
1462088306708164608
1462088306049437696
1462088305667973124
1462088305596682240
1462088305449836552
1462088304921358338
1462088304178913280
1462088304157941770
1462088304145408006
1462088304023724040
1462088303818289153
1462088303772061700
1462088303621152772
1462088302329221127
1462088300785811464
1462088300777377793
1462088300173398028
1462088299921747968
1462088299867262984
1462088299858833408
1462088299699388417
1462088299678511115
1462088299594620929
1462088299577708551
1462088299313516555
1462088298826977281
1462088298126581772
1462088297665150991
1462088297430274054
1462088296524353539
1462088296444698627
1462088295513477130
1462088294628421632
1462088294288744454
1462088294263668738
1462088294238351361
1462088293806448643
1462088293714210818
1462088293634433030
1462088292623699969
1462088292355264516
1462088291432505356
1462088291352813569
1462088291260456960
1462088291138904080
1462088290547417097
1462088289897304064
1462088289834483721
1462088288802684938
1462088288219635721
1462088288127184898
1462088287665876997
1462088287560953864
1462088287154327564
1462088286848131077
1462088286743281665
1462088286583861251
1462088286437097473
1462088286323699716
1462088286307065866
1462088285749084160
1462088285514309633
1462088285484982272
1462088285434621957
1462088284943929355
1462088284864225280
1462088284838969352
1462088284826488832
1462088284537040896
1462088283987525645
1462088283983253505
1462088283962314753
1462088283077459969
1462088283069026316
1462088282901127172
1462088282477457410
1462088282246942722
1462088281655431174
1462088281550643204
1462088281433145348
1462088281206759434
1462088280988471299
1462088280959172615
1462088280573452297
1462088280451735553
1462088280116277261
1462088279998836743
1462088279763963907
1462088279759728644
1462103438481715200
1462103437986840579
1462103437399658498
1462103436745347074
1462103435516342278
1462103434631524363
1462103434572804101
1462103434438623235
1462103433968771085
1462103433956241422
1462103433847185410
1462103433809383428
1462103433780121600
1462103433465446413
1462103433205456911
1462103432957943811
1462103432945410053
1462103432794415110
1462103432580505601
1462103432215420931
1462103431791923208
1462103431775203340
1462103431603273730
1462103431443849219
1462103431053819920
1462103430646747137
1462103430491742231
1462103430256803850
1462103430181261315
1462103429921185792
1462103429883514894
1462103428528840708
1462103428180557825
1462103428004470784
1462103427975155715
1462103427899543554
1462103427731894273
1462103426653990919
1462103426611957760
1462103426536329221
1462103425248894985
1462103424137404422
1462103423944249349
1462103423914893312
1462103423575330821
1462103423193604097
1462103423105572864
1462103422921056263
1462103422891544580
1462103422853914633
1462103422715498507
1462103422673502211
1462103422577086472
1462103422073819147
1462103421893455885
1462103421822160900
1462103419859181569
1462103419804692492
1462103419741741056
1462103419490025474
1462103419242663942
1462103419032907779
1462103418873466880
1462103418827423756
1462103418361819147
1462103417011118081
1462103416772169747
1462103416679931910
1462103416679841798
1462103416600211472
1462103416495394820
1462103416352780294
1462103415954325507
1462103415731986439
1462103415505494025
1462103415333531666
1462103415144648704
1462103414410825741
1462103414150766597
1462103413697785861
1462103413571956739
1462103413500567560
1462103413081128965
1462103413060161544
1462103412791812097
1462103412644929552
1462103412540071951
1462103412296675329
1462103412045225984
1462103411919233029
1462103411877367810
1462103411655073802
1462103411646558220
1462103411483189258
1462103410581327880
1462103410119954446
1462103410065346560
1462103409859993615
1462103409620918275
1462103408404488194
1462103408341569536
1462103408211492865
1462103407951446016
1462103407750168578
1462103407473405963
1462103406626148365
1462103406013673477
1462103405984460810
1462103405896380425
1462103405707636736
1462103405556420611
1462103405145387009
1462103405116149772
1462103404973490177
1462103403903868941
1462103403702767622
1462103402939400196
1462103402662481923
1462103402507169797
1462103402201059329
1462103401714569222
1462103401110638593
1462103401026752518
1462103400846438402
1462103400582049794
1462103400343121937
1462103400322158606
1462103399466471429
1462103399332204546
1462103398841344003
1462103398774415364
1462103398497538049
1462103398162051080
1462103398103146500
1462103397671313417
1462103397545525260
1462103397054754819
1462103396912177154
1462103396840882178
1462103396798930956
1462103395989348361
1462103395792207872
1462103395028905990
1462103394554896386
1462103394252996612
1462103393690787847
1462103393586094091
1462103393279913993
1462103393166671880
1462103392768176138
1462103392633991169
1462103392185032705
1462103392147230722
1462103391811817473
1462103391644131341
1462103391342149644
1462103389697986561
1462103389639217162
1462103389584637961
1462103388821331977
1462103388678721540
1462103388452265986
1462103388276015109
1462103388049612811
1462103386929704971
1462103386418040842
1462103386308825089
1462103385453342726
1462103385080057867
1462103384949866496
1462103384610201603
1462103384081764358
1462103383976910858
1462103383880388624
1462103382865362954
1462103382743830528
1462103382521524226
1462103382420860933
1462103382265532420
1462103382110441473
1462103381917458453
1462103381611274244
1462103381170798593
1462103380864684035
1462103380327899136
1462103380059475971
1462103380034154500
1462103378499190788
1462103378188816393
1462103377899397134
1462103377370824711
1462103376703930369
1462103375579860992
1462103375345037321
1462103375152046086
1462103374371987456
1462103374304792576
1462103374162239491
1462103373868634113
1462103372975247362
1462118537854660614
1462118537565290500
1462118537045102596
1462118536168488964
1462118535958827010
1462118535384158208
1462118535300362240
1462118535224872960
1462118533719019520
1462118532955742211
1462118532754247682
1462118532469063681
1462118532267843588
1462118532255256585
1462118531609374721
1462118531596787720
1462118531189854220
1462118531114360841
1462118531076661253
1462118531055722502
1462118531013787655
1462118530640490508
1462118530384601093
1462118529986142212
1462118529612886026
1462118529554124811
1462118529491259396
1462118529222774784
1462118529176588292
1462118529164001280
1462118528677470213
1462118528518086656
1462118528388145158
1462118528111288323
1462118528019054595
1462118527729602562
1462118527620595717
1462118527381479428
1462118526894977028
1462118526408405001
1462118526160936965
1462118526144200707
1462118525959655431
1462118525724549132
1462118525376634882
1462118525267496965
1462118525238194186
1462118524843876357
1462118524554412034
1462118523753451523
1462118523304656900
1462118523174637568
1462118522977411078
1462118522797142016
1462118522725744640
1462118522595721229
1462118522037977091
1462118521693954057
1462118521459073029
1462118520821624843
1462118520284712965
1462118519705849859
1462118519013842946
1462118518212767758
1462118518095323142
1462118517646446592
1462118517554171909
1462118517055102980
1462118517021425670
1462118516912541705
1462118516669227010
1462118516593733651
1462118516203601929
1462118515821928450
1462118515784171523
1462118515469660173
1462118515331125250
1462118515134152706
1462118514920243202
1462118514857283584
1462118514614059017
1462118514290872320
1462118514026860549
1462118513510858753
1462118513351479298
1462118511946309636
1462118511862558725
1462118511850016770
1462118511761833988
1462118511292125186
1462118511170371589
1462118510893674507
1462118510713315330
1462118510088314887
1462118509866098691
1462118509723402244
1462118509111128071
1462118509048119301
1462118509002072069
1462118508729278467
1462118508351873032
1462118507718406145
1462118507626254338
1462118507496325120
1462118506795839492
1462118506435170309
1462118506338689035
1462118505701163012
1462118505109671937
1462118504035930124
1462118503859769350
1462118503566254085
1462118503192825858
1462118502827913218
1462118502689615878
1462118502588895233
1462118501783642116
1462118501326278661
1462118501083136012
1462118500944723977
1462118500676296714
1462118500571439115
1462118500571381772
1462118499820658689
1462118499757740037
1462118498646335502
1462118498600108036
1462118498109329411
1462118498096881670
1462118497996009475
1462118497530560515
1462118497421570056
1462118497312460807
1462118496591089679
1462118496272371720
1462118495815090189
1462118495777345539
1462118495399952392
1462118495085383689
1462118495039205379
1462118494497955841
1462118494422642689
1462118494292561920
1462118493743108104
1462118493671804936
1462118493604786179
1462118493315383302
1462118492837224450
1462118492757442573
1462118492552024065
1462118492266708998
1462118492023439362
1462118491566264330
1462118491272663044
1462118491159416834
1462118490765205511
1462118489662001153
1462118489288810513
1462118489221701641
1462118489162928128
1462118489003634694
1462118488743493653
1462118488470925316
1462118487971794946
1462118487615172609
1462118487451574274
1462118487191703555
1462118486734512132
1462118486327578633
1462118486080118790
1462118485841043460
1462118485677391879
1462118485618745348
1462118483861262340
1462118483496517632
1462118483311931400
1462118483265822720
1462118483198631938
1462118482955280385
1462118482879946754
1462118482682724352
1462118482494083078
1462118481692930054
1462118481529167873
1462118480535240714
1462118480535240713
1462118480497549319
1462118480321429506
1462118479629332485
1462118479524507654
1462118479369228291
1462118478735818752
1462118478379458575
1462118477557342208
1462118477469257730
1462118477314072594
1462118476923899906
1462118475703455752
1462118474981986312
1462118474617167877
1462133637248393222
1462133637214781441
1462133636963217412
1462133636493307904
1462133636237443072
1462133635084075018
1462133634731692034
1462133634404601858
1462133634400411653
1462133633599291401
1462133633259655173
1462133632605335552
1462133632483708930
1462133632378753032
1462133632219426819
1462133631820910603
1462133630969565188
1462133630109503488
1462133630101196804
1462133629904203789
1462133629807648778
1462133629270859784
1462133628905873413
1462133628838854657
1462133628788428817
1462133628285198339
1462133628004098055
1462133627802771457
1462133625932025856
1462133625714053124
1462133625210744835
1462133625084911621
1462133624317251591
1462133624279642114
1462133624069836812
1462133623809888259
1462133623532969986
1462133623377833987
1462133622966820867
1462133622866124807
1462133622438170624
1462133622404747268
1462133621616267276
1462133621477756931
1462133621414940672
1462133620899000324
1462133620856999941
1462133620659957761
1462133619430879234
1462133619246485504
1462133619074420739
1462133618436943884
1462133617476448265
1462133616717144065
1462133615798673412
1462133615488385025
1462133615052136454
1462133614926196736
1462133614922145792
1462133614909476875
1462133614506917890
1462133614502572032
1462133613500194816
1462133612728442892
1462133611948298247
1462133611608653837
1462133611394568192
1462133611142934530
1462133610803347463
1462133610648068101
1462133610274766859
1462133610144804871
1462133609658265608
1462133609553436679
1462133609331048448
1462133608035102728
1462133607816908804
1462133605916889091
1462133605803700232
1462133605577203716
1462133605501648901
1462133605111672837
1462133604759347206
1462133604746731534
1462133604662882305
1462133604339929093
1462133603526221833
1462133603328999428
1462133603257704449
1462133603224092676
1462133602834124804
1462133602079158273
1462133601550622738
1462133601357631489
1462133601139625987
1462133600732823555
1462133600539791374
1462133600414056452
1462133600166584326
1462133599982006272
1462133599839395842
1462133599717801989
1462133599591976965
1462133598899912716
1462133598237208578
1462133597691912196
1462133597587054592
1462133597272514565
1462133597205192716
1462133597033443330
1462133596060278789
1462133595665932290
1462133595489898515
1462133595481513992
1462133595200446469
1462133594764288004
1462133594504192005
1462133594294476804
1462133594072260616
1462133593824714760
1462133593417916416
1462133592952291330
1462133592746643461
1462133592100728837
1462133592054771712
1462133591371038727
1462133591052369920
1462133590842507266
1462133590687457281
1462133590582607876
1462133590133719042
1462133589294952458
1462133589169119237
1462133587977850891
1462133587508084737
1462133587457810437
1462133587260628994
1462133587185213440
1462133587071754241
1462133586061107204
1462133585788366848
1462133584903475202
1462133584899280897
1462133584853192714
1462133584408502276
1462133583896788997
1462133583880114187
1462133583858974720
1462133583791939585
1462133583640993797
1462133583200407556
1462133583045439490
1462133582328209418
1462133582307237892
1462133581333995540
1462133580746739720
1462133580738572288
1462133580470095878
1462133580352479235
1462133580264468484
1462133579375329292
1462133579199262724
1462133578997846025
1462133578805002242
1462133578310070273
1462133578305871878
1462133577538281476
1462133576984637449
1462133576447705092
1462133576158351360
1462133575436972032
1462133574136520708
1462133574128349188
1462133573566275601
1462133573088120835
1462133573021020168
1462133572597338117
1462133571989258253
1462133571766784000
1462133571431419911
1462133570621911049
1462133570022125569
1462133569753686019
1462133569493422081
1462133569241985035
1462133568851910667
1462133568352751621
1462133568315052033
1462133568231153669
1462133567471767553
1462133567224524810
1462133566247157760
1462133566129774606
1462133566091907075
1462133565790040077
1462133564884111366
1462133564758274048
1462133564636602371
1462133564506624006
1462133564502388745
1462148736902180865
1462148736902119425
1462148735660662787
1462148735643885570
1462148735409000449
1462148735316725761
1462148735295647751
1462148734914109445
1462148734377205769
1462148734205181953
1462148733617979392
1462148733110566918
1462148732661678082
1462148732179279876
1462148731277565974
1462148731046809603
1462148730426118144
1462148730191286275
1462148729813839873
1462148729688010762
1462148729507508230
1462148728475852807
1462148728387772433
1462148727376859144
1462148727007764491
1462148726840037376
1462148726798094338
1462148726193983488
1462148725346693123
1462148725153976323
1462148725007175689
1462148723992150023
1462148723841110023
1462148723664998405
1462148723165782018
1462148722482106373
1462148722389889038
1462148721450356746
1462148720221433859
1462148720133382153
1462148719902695425
1462148719839789060
1462148719680397315
1462148719659339777
1462148719164497921
1462148718938009604
1462148718090760196
1462148718090760194
1462148717532876800
1462148717109149698
1462148716937334786
1462148716878520323
1462148716647878658
1462148716392062981
1462148715704041477
1462148715464904708
1462148715368652809
1462148715167244292
1462148714399780864
1462148713959329793
1462148713443311616
1462148712856178692
1462148712826871808
1462148712713658372
1462148712256397317
1462148712227123200
1462148712000413696
1462148711857983503
1462148711732158469
1462148711493128197
1462148711371325445
1462148710792454147
1462148710385827846
1462148710310293508
1462148710171828227
1462148710134173706
1462148709702156296
1462148709672701955
1462148708989120520
1462148708850536451
1462148708825448450
1462148708363997191
1462148708200587270
1462148708091449347
1462148707185565708
1462148706925436941
1462148706795409421
1462148706321510422
1462148706258628614
1462148705876860931
1462148705264484356
1462148705184894985
1462148705021276162
1462148705004490760
1462148705000181764
1462148704794816515
1462148704476012545
1462148704283017220
1462148703779704840
1462148703763017728
1462148703507005443
1462148703213531144
1462148703020531720
1462148702936707077
1462148702362083332
1462148701951082496
1462148701917523975
1462148699816087553
1462148699254054913
1462148697853210628
1462148697542828035
1462148696225853448
1462148696188100611
1462148696095797253
1462148695739314191
1462148695714111489
1462148695701348358
1462148695324037123
1462148695319724041
1462148695118471168
1462148694648762368
1462148694619394053
1462148694250295296
1462148693423964162
1462148693319168005
1462148692455178242
1462148691817635846
1462148691683418114
1462148691402412034
1462148691125575684
1462148691100377091
1462148690848661519
1462148690685177859
1462148690668396544
1462148690387345415
1462148689615634438
1462148689577848837
1462148689561108492
1462148689305247745
1462148689129091072
1462148688889974787
1462148688864854017
1462148688726269952
1462148688525115403
1462148688348913668
1462148688307011587
1462148688281800710
1462148687971467269
1462148687526830080
1462148687228854272
1462148686721560579
1462148686486638602
1462148686247612424
1462148685647814665
1462148684385333257
1462148684079063041
1462148684074795009
1462148683441528836
1462148683328368642
1462148682233483265
1462148681545797634
1462148681516429318
1462148681138950150
1462148680501415936
1462148679452745729
1462148679276670986
1462148679075307526
1462148678903377934
1462148678760730629
1462148678622269447
1462148678425141254
1462148678307631109
1462148677770911748
1462148677548621826
1462148677489856513
1462148677070430217
1462148676730687491
1462148676537753600
1462148676441235472
1462148676332126208
1462148676311085058
1462148676172746753
1462148675887583245
1462148675577081859
1462148674100903938
1462148673618513929
1462148673345835010
1462148672712548356
1462148672435720199
1462148672179818500
1462148671882113026
1462148671114559492
1462148670648946692
1462148669248094217
1462148668241371141
1462148667968737280
1462148667641667591
1462148666312073221
1462148665972125696
1462148665657765894
1462163836522221571
1462163836174319616
1462163835813613569
1462163835507384328
1462163834874089472
1462163834249089027
1462163833338970117
1462163833292795906
1462163832520990730
1462163832005087236
1462163831971586053
1462163831724122117
1462163831644467200
1462163831371743232
1462163831157760001
1462163831069679617
1462163830377754630
1462163829920460802
1462163829471731716
1462163829358567432
1462163829224263683
1462163829199097861
1462163828574195721
1462163828477734917
1462163828439932928
1462163828159000584
1462163828100194308
1462163827445932032
1462163827231965201
1462163827055902729
1462163826619699204
1462163826552541191
1462163826275545090
1462163825952755726
1462163825864622084
1462163825835188230
1462163825520693254
1462163824950317070
1462163823733854209
1462163823624736768
1462163823234674691
1462163822257577984
1462163822198902794
1462163821921976322
1462163820944703489
1462163820395307015
1462163820097454085
1462163819879350276
1462163819602579461
1462163819388624905
1462163819116089352
1462163818751139841
1462163818390470662
1462163818075799560
1462163818004500485
1462163817673027584
1462163817216065540
1462163816918179842
1462163816913850371
1462163816687484931
1462163816498741252
1462163816096190465
1462163815626326025
1462163815060094980
1462163814191747073
1462163814145675271
1462163813537566724
1462163813428518917
1462163813386661895
1462163812921094147
1462163812711342082
1462163812228943873
1462163811687927812
1462163808961638414
1462163808282157065
1462163808026308609
1462163808009469953
1462163807665545216
1462163807329996804
1462163807229210626
1462163806851944449
1462163806466064385
1462163806340239361
1462163806117896192
1462163806117838851
1462163805551480832
1462163805421592584
1462163804398272513
1462163804163383297
1462163803714560002
1462163803676758019
1462163803567755264
1462163803475521548
1462163802670178314
1462163802531799049
1462163802187710467
1462163802103980036
1462163801705484288
1462163801525133316
1462163801348968454
1462163801063710739
1462163800941989890
1462163800908615682
1462163800526893058
1462163800426225664
1462163800401010695
1462163800384327685
1462163800078041090
1462163799985770497
1462163799780343815
1462163799142772737
1462163798513623047
1462163798060589061
1462163797528006656
1462163797045616641
1462163796643004417
1462163796168957965
1462163796101840899
1462163796009447430
1462163795309121542
1462163794331938819
1462163794214465550
1462163793950257164
1462163792675033089
1462163792222113794
1462163791739768840
1462163791592890371
1462163791219728384
1462163790921928711
1462163790728945664
1462163790548586499
1462163790196355072
1462163789881696256
1462163789730627587
1462163789638475776
1462163789596536832
1462163789533569026
1462163789416181767
1462163789328130055
1462163789265227795
1462163789227433991
1462163788497440768
1462163788262744073
1462163788111691786
1462163787935621121
1462163787717529609
1462163787679678469
1462163787566436367
1462163787310641166
1462163787105157120
1462163786966601730
1462163786136174601
1462163785993658379
1462163785532289029
1462163785511276544
1462163785452593152
1462163784882032640
1462163784601116684
1462163784118812674
1462163783883923464
1462163781946155009
1462163781392470024
1462163781086236677
1462163781023318020
1462163780830470149
1462163780775907342
1462163780360626176
1462163780100665353
1462163780067069956
1462163779731562499
1462163779584675840
1462163778720735238
1462163778376806412
1462163778305470468
1462163777999159297
1462163777906954244
1462163777814736905
1462163777043017733
1462163776891936771
1462163776720052226
1462163776598335502
1462163776032186375
1462163775994347540
1462163775881048066
1462163775772143617
1462163774673145858
1462163773037367311
1462163772609646602
1462163772303458314
1462163771258904576
1462163770806054915
1462163770713808904
1462163770386624513
1462163770134908930
1462163769845587969
1462163769371545608
1462163769321209856
1462163769086427143
1462163768553709575
1462163768117501956
1462178936021037070
1462178935999975427
1462178935794458631
1462178935714639872
1462178935081480196
1462178934855016449
1462178934276214792
1462178934070644748
1462178933785481219
1462178932833370123
1462178931335860228
1462178929192710149
1462178929100431365
1462178928953634823
1462178928748077057
1462178928282509313
1462178927909036036
1462178927812751360
1462178927141654537
1462178926772555779
1462178926298607623
1462178926193750017
1462178926021660677
1462178925765877766
1462178925409353729
1462178925078065159
1462178924578971657
1462178924192952321
1462178924071460875
1462178923467481097
1462178923421315072
1462178923156967426
1462178923081613319
1462178923077378049
1462178922989240326
1462178922611687425
1462178922599223297
1462178921831616515
1462178921756176391
1462178920741146628
1462178920715935751
1462178920707596288
1462178920661401600
1462178920321765380
1462178919986221071
1462178919952486402
1462178919264706570
1462178918975299588
1462178918249738253
1462178916706111489
1462178916249083910
1462178915766657032
1462178915376582656
1462178915091369986
1462178914911105026
1462178914479087618
1462178913459785733
1462178913296265219
1462178913090691083
1462178912050593794
1462178910452555781
1462178910376972291
1462178909169070093
1462178909106192389
1462178908934225920
1462178908871090179
1462178908334444545
1462178908086751235
1462178907973513217
1462178907956912132
1462178907390717958
1462178907319373830
1462178907147415553
1462178907021578243
1462178906488909828
1462178906358886401
1462178906212126724
1462178904584507392
1462178903976550407
1462178903909273600
1462178903469002756
1462178902986665990
1462178902671982593
1462178902147805187
1462178901787127812
1462178901128400897
1462178900822401027
1462178900260233216
1462178900235243528
1462178900029620226
1462178899555590148
1462178899429933057
1462178898637201411
1462178897534111753
1462178897387307009
1462178896678424576
1462178896309362688
1462178895264952323
1462178894858145792
1462178894790991877
1462178894576902145
1462178893398433792
1462178891724898308
1462178891712319488
1462178891704020995
1462178891443937280
1462178891053862912
1462178890907103236
1462178889921355785
1462178889761845248
1462178889208377347
1462178889187438595
1462178888809791489
1462178888755277827
1462178888746999816
1462178888134635521
1462178887631138817
1462178887417352196
1462178887404773379
1462178887274795013
1462178886859603968
1462178886091882497
1462178885718528004
1462178885207048201
1462178885160902664
1462178885102149642
1462178885085405189
1462178884905058306
1462178884808425477
1462178883734806530
1462178882774355973
1462178882279276545
1462178882178723852
1462178881885151237
1462178880425500678
1462178880345690114
1462178879506890757
1462178879330824197
1462178879326593024
1462178879263576064
1462178878873485314
1462178878848487432
1462178878424850435
1462178878185783300
1462178878172983296
1462178878156333059
1462178878017863684
1462178877770506248
1462178877724315649
1462178877195927554
1462178877137047558
1462178876382232585
1462178876034011138
1462178875014795266
1462178874935103501
1462178874792587266
1462178874532327428
1462178874205294596
1462178874196828165
1462178872800137217
1462178872619900932
1462178872405942278
1462178871369949191
1462178871210651662
1462178871026102279
1462178870895984646
1462178870136905732
1462178869721583617
1462178869289574410
1462178868215758851
1462178867804717065
1462178867678961678
1462178867586678791
1462178867389648897
1462178867129602050
1462178866835988484
1462178866643050497
1462178866169102337
1462178866106023936
1462178865854488586
1462178865787424774
1462178865493725189
1462178864386514946
1462178863795122189
1462178863178526726
1462178862985617408
1462178862784299012
1462178862540992513
1462178862184419336
1462178861450412032
1462178861312004098
1462178860888432649
1462178860255043589
1462178860175433732
1462178860175343624
1462178859961438209
1462178859688812553
1462178859449737218
1462178859160248321
1462178859005071360
1462194035251200001
1462194035150536711
1462194034831593480
1462194034194198529
1462194033497972738
1462194032713641986
1462194031098843136
1462194030427607042
1462194029861519364
1462194029672558595
1462194029311844354
1462194028880056329
1462194028674494474
1462194028389281800
1462194028301148164
1462194027978240002
1462194027013496840
1462194026665463827
1462194024400318469
1462194024249544711
1462194024106897408
1462194024031391751
1462194024027078660
1462194023578357762
1462194023494414340
1462194021787439104
1462194021644832768
1462194021162536975
1462194020663410688
1462194020042559502
1462194019170062338
1462194017995788297
1462194017739984906
1462194017635033095
1462194017240760322
1462194016917733380
1462194016372490241
1462194016234217478
1462194014581661698
1462194014355140615
1462194014313136128
1462194014271287298
1462194013612748801
1462194013604298758
1462194013474152454
1462194013314895876
1462194013100937219
1462194013067481098
1462194012383846404
1462194011721113605
1462194010693459971
1462194010504712195
1462194010248802313
1462194010102063109
1462194009804312578
1462194009628045312
1462194009607225347
1462194008751366146
1462194008218812416
1462194007908438021
1462194007484899328
1462194006968963075
1462194006885081103
1462194006293635076
1462194006016811008
1462194005832257541
1462194005622632454
1462194005186420738
1462194005068951555
1462194005035429896
1462194004670521346
1462194004532023300
1462194004502712331
1462194004255248387
1462194003902963713
1462194003504336897
1462194003286237185
1462194002946580489
1462194002887860226
1462194002690809860
1462194002372046856
1462194001554018305
1462194001537376257
1462194001407361024
1462194000698482707
1462194000610439173
1462193999893217284
1462193999758995457
1462193999683354626
1462193999658184705
1462193999297617923
1462193998831960069
1462193998660096002
1462193998492098565
1462193998450286597
1462193996588105738
1462193996416143363
1462193996026073093
1462193995824652295
1462193995749146633
1462193995371585538
1462193994616610817
1462193994344112129
1462193993995989001
1462193992377016322
1462193991861088266
1462193991835869192
1462193991223590923
1462193991030644738
1462193990812549126
1462193990703398916
1462193990678335489
1462193989411655689
1462193988929208320
1462193988102934529
1462193987754811399
1462193987662630914
1462193987326992393
1462193987255742476
1462193987071188993
1462193986911805441
1462193986404335616
1462193986207158281
1462193985926025220
1462193985804513286
1462193985565376516
1462193985502384133
1462193985120784390
1462193985078837248
1462193984705548298
1462193983166238727
1462193982654529542
1462193982222520320
1462193982121910289
1462193982004510724
1462193981731737604
1462193981715103749
1462193981656379397
1462193981576593419
1462193981421494273
1462193979877900290
1462193978254704650
1462193977696915462
1462193977554350080
1462193977139019780
1462193976925200385
1462193976862285824
1462193975318753288
1462193974106460165
1462193974077177861
1462193973871755265
1462193972902776839
1462193972714131459
1462193972693151750
1462193972017864704
1462193971342594048
1462193970528731137
1462193970155438084
1462193969987821574
1462193969949990918
1462193969249591302
1462193969236832256
1462193968620388356
1462193967693451270
1462193966837907461
1462193966577860609
1462193966187794435
1462193965948620807
1462193965843861505
1462193964539383823
1462193963998269440
1462193963717349377
1462193963398578179
1462193963167715328
1462193963138379778
1462193962983297032
1462193962861711361
1462193962333188104
1462193962236751872
1462193961661976578
1462193961473302531
1462193960009482242
1462193959153946626
1462193959137071104
1462193958780653568
1462193958226849796
1462193958071812099
1462193958034059265
1462193958013046786
1462193957497147400
1462193957086146563
1462193955605409797
1462193955508948992
1462193953843912710
1462193953722228744
1462193952556208129
1462193952392626180
1462193952312995843
1462193951063130119
1462193950563999749
1462209134061838342
1462209132640014338
1462209132224679941
1462209131641716738
1462209131000045572
1462209130660302851
1462209129724981255
1462209129620115457
1462209129569669123
1462209128772866051
1462209128143622144
1462209126772228099
1462209126239453191
1462209126021300228
1462209124381429772
1462209123794182144
1462209123190149124
1462209122141671429
1462209121298567177
1462209121248333826
1462209120929517569
1462209119075635209
1462209119029506056
1462209117876113412
1462209117829967877
1462209117611773954
1462209117112750090
1462209116848406536
1462209116613525505
1462209116580073478
1462209115699224580
1462209115531399169
1462209115099385860
1462209114747068416
1462209114726088711
1462209114214387712
1462209114021543943
1462209113165815810
1462209113136500736
1462209112884891648
1462209112620498948
1462209112553537537
1462209111651753989
1462209111643336704
1462209111639015427
1462209111534325765
1462209111450390528
1462209111446196236
1462209111261683722
1462209111077138433
1462209110905180165
1462209110645092354
1462209110460542979
1462209110351527936
1462209109437075462
1462209109139152904
1462209109068029956
1462209108782821383
1462209108703068160
1462209108195647490
1462209108170489860
1462209108103286788
1462209108002541573
1462209107734245383
1462209107553755137
1462209107381952521
1462209107117674496
1462209106396200967
1462209106081730576
1462209105800704008
1462209105406406672
1462209104680730629
1462209103988670464
1462209103946821633
1462209103707652102
1462209103317581828
1462209103254614021
1462209103061602308
1462209103024082950
1462209102927564802
1462209102428487690
1462209101971087361
1462209100683620352
1462209100595580940
1462209100578578432
1462209100524228613
1462209100255801350
1462209100188635142
1462209098540367878
1462209098460672004
1462209098431225856
1462209097839824896
1462209097223139336
1462209097206480899
1462209096346705923
1462209096040521741
1462209095503687682
1462209094845026304
1462209093947568133
1462209093725134852
1462209093431701506
1462209092575842304
1462209092471201801
1462209092307537921
1462209091686838279
1462209091003105281
1462209090965307395
1462209090864783361
1462209089107374083
1462209088939565056
1462209088469843976
1462209088293466112
1462209087458975747
1462209086657904640
1462209086494232577
1462209085705633794
1462209085449904133
1462209085001003010
1462209084116119556
1462209083860303872
1462209083747053574
1462209082820079617
1462209082413228036
1462209081444163584
1462209080794271754
1462209080399998981
1462209080332853248
1462209079129083908
1462209077807706119
1462209077245722627
1462209077040218119
1462209076960665605
1462209076897763341
1462209076633370634
1462209076507684874
1462209076432146434
1462209076134297600
1462209075786174470
1462209075605913611
1462209075542855683
1462209075249352707
1462209074926284805
1462209074829967363
1462209073789689861
1462209073680502788
1462209073185701892
1462209073034706947
1462209072581599236
1462209072032321540
1462209069880651780
1462209069687713794
1462209069159178247
1462209068777422850
1462209068521639937
1462209068282662915
1462209067779252229
1462209066198093825
1462209065904492548
1462209065329827840
1462209065208135684
1462209064767688709
1462209063689891841
1462209063509315584
1462209062771302402
1462209062523875332
1462209062460788738
1462209062075088898
1462209061978529802
1462209061001256963
1462209060607045636
1462209060506411019
1462209059105357824
1462209058816118788
1462209058572697600
1462209058140659717
1462209057658322944
1462209057507393536
1462209057226432520
1462209056341434368
1462209055540363265
1462209055125118980
1462209055112544259
1462209055045345291
1462209054923759623
1462209054680440832
1462209052470034439
1462209052356845570
1462209052167999491
1462209052088414208
1462209051417354241
1462209051266277381
1462209051090198528
1462209050821771264
1462209050322554882
1462209049697689600
1462209049550737408
1462209049257299975
1462209049030766596
1462209048909127687
1462209048447799298
