1463311397970857986
1463311397664661504
1463311397400371208
1463311397069197316
1463311396632936452
1463311396201025545
1463311395278057473
1463311395089354753
1463311394959507459
1463311394296709120
1463311393860562944
1463311393508282373
1463311393390661636
1463311390723108864
1463311390135959555
1463311388877549571
1463311388563197956
1463311388131184644
1463311386625417217
1463311386558173185
1463311386449264647
1463311386134515715
1463311384419000321
1463311384368893958
1463311384092028932
1463311384037388289
1463311383735509006
1463311383303364615
1463311383177617410
1463311382993059846
1463311382552756227
1463311382544367624
1463311381994823682
1463311381378351105
1463311381051101184
1463311380623286281
1463311380115820549
1463311379956391936
1463311378693898251
1463311377632800770
1463311377448243205
1463311376579973121
1463311375908827139
1463311375435018240
1463311375225081858
1463311374986080257
1463311373908078593
1463311372796760069
1463311372364783619
1463311371966185476
1463311371530031107
1463311371458813958
1463311371076976640
1463311371064561665
1463311370896687104
1463311370556899329
1463311370330456065
1463311370317881350
1463311370204635140
1463311369864892417
1463311369088942087
1463311368879284228
1463311368136781831
1463311367096700929
1463311366626983937
1463311366408736768
1463311366031245312
1463311365746184197
1463311365645512705
1463311365494345730
1463311364865368067
1463311364622106624
1463311364299141126
1463311363787350020
1463311363657412620
1463311363288158210
1463311362935996417
1463311362843623431
1463311362793385986
1463311362499751948
1463311361589616644
1463311361446920193
1463311360851251206
1463311360687849478
1463311360587014147
1463311360033378304
1463311359840563200
1463311359823814657
1463311359269953536
1463311359236796417
1463311358972375044
1463311358124912642
1463311357995012099
1463311357592293379
1463311357374185476
1463311357286109193
1463311356921270272
1463311356644536325
1463311356174774274
1463311355944091649
1463311355709046785
1463311355574992898
1463311355369426947
1463311354698207233
1463311353867759621
1463311353523970051
1463311352827559938
1463311352575967243
1463311352051777536
1463311351942725632
1463311351233880068
1463311350868975619
1463311350516654092
1463311350457769993
1463311349027594240
1463311348574699520
1463311348528472067
1463311348146880516
1463311347752615940
1463311347467407363
1463311346842451969
1463311346645221386
1463311346372591617
1463311346200678415
1463311345843982340
1463311344963305479
1463311344204234754
1463311343860076554
1463311341981106180
1463311341884788740
1463311341385654273
1463311341293289476
1463311340647374851
1463311338940375041
1463311338814464000
1463311338587836421
1463311337979789314
1463311336897593344
1463311336503488521
1463311336453124096
1463311336344064007
1463311336146976768
1463311336113377285
1463311335840755712
1463311335706480644
1463311335706402816
1463311334678818817
1463311334318264324
1463311332925710345
1463311332850159623
1463311332204294149
1463311332204171267
1463311331566620675
1463311331017170953
1463311330471923713
1463311329893224455
1463311329712693254
1463311328953647106
1463311328861470726
1463311328823676938
1463311328719040512
1463311327976476683
1463311326277615617
1463311326227443718
1463311326114054144
1463311325489205252
1463311325128450049
1463311324960768004
1463311324570656772
1463311324176424965
1463311323937349634
1463311323895410693
1463311323660492808
1463311323651923973
1463311322494476291
1463311322230235139
1463311322146353153
1463311321848442880
1463311321416491010
1463311321156362243
1463311321047474180
1463311321022226432
1463311320569233409
1463311320250564621
1463311319717879811
1463311319365476353
1463311319239516162
1463311318732181510
1463311318564458500
1463311318551875587
1463311318253981704
1463311318249787396
1463311317083828228
1463311316349771776
1463311316324544514
1463311314114261003
1463311313891991556
1463311313665363975
1463311313644445698
1463311313581580288
1463326496920158215
1463326496592998402
1463326496244830215
1463326495775113217
1463326495766634509
1463326495246532610
1463326495095410690
1463326494994747396
1463326494915235843
1463326494537793540
1463326494239989766
1463326494185299969
1463326494156107784
1463326493375746055
1463326492746731524
1463326491962269699
1463326491899482118
1463326491689852930
1463326491400445958
1463326488955129861
1463326488116310018
1463326487969370117
1463326487894016001
1463326487591849986
1463326487558475776
1463326487537352708
1463326486157533184
1463326486027509760
1463326485348077569
1463326485020692483
1463326484710363139
1463326484471463943
1463326484194603010
1463326483552694272
1463326483464790019
1463326483456442374
1463326482525143042
1463326482411900936
1463326482281889793
1463326482260975625
1463326481904545798
1463326481376067586
1463326481325514757
1463326480377651204
1463326479668981767
1463326479488458753
1463326478976835589
1463326478658060291
1463326478414663687
1463326478091919364
1463326478087643136
1463326477919789056
1463326477286617089
1463326475751469059
1463326474690351105
1463326473901658113
1463326473649999872
1463326473578766337
1463326473574518784
1463326473519910917
1463326472828076032
1463326472496500737
1463326472345579527
1463326472194572295
1463326471947128833
1463326471766769673
1463326471187951619
1463326470198149123
1463326468340080640
1463326468138627076
1463326467501264896
1463326466905718789
1463326466699972611
1463326466469335047
1463326465500590081
1463326465135714307
1463326465072717833
1463326463499718656
1463326463353044995
1463326463227277314
1463326462866563072
1463326462786760705
1463326462438694916
1463326462413582344
1463326461981515776
1463326461927038977
1463326461180452872
1463326460765261825
1463326460446486532
1463326459502768128
1463326459423039493
1463326458848415750
1463326458768543749
1463326458730930179
1463326458529521670
1463326457900388356
1463326457883627525
1463326457430749188
1463326456013115402
1463326453299298304
1463326453014032385
1463326452540186626
1463326451546079233
1463326451403481090
1463326451105775619
1463326450065588225
1463326449566375942
1463326447473500160
1463326447326531587
1463326446869311490
1463326442570330115
1463326442234646531
1463326442033491973
1463326440796004358
1463326440120733704
1463326439747502085
1463326439453990917
1463326439432863744
1463326438774517767
1463326438086610945
1463326437994283016
1463326437449031692
1463326435725225986
1463326435154685959
1463326434361966593
1463326433888337920
1463326433514770433
1463326432998789120
1463326432843780098
1463326432529113092
1463326432218660872
1463326431857963010
1463326431287685121
1463326431107244047
1463326430985654276
1463326430918582273
1463326430310371331
1463326430142492677
1463326429899329541
1463326429341437959
1463326429333106691
1463326429320470528
1463326428682989568
1463326427764256773
1463326427613478912
1463326426636111878
1463326426141270023
1463326425205907459
1463326425122054144
1463326424929124356
1463326424924835841
1463326423117090816
1463326421984632832
1463326421917515776
1463326421896495106
1463326421590417412
1463326421204586496
1463326420512702465
1463326420466384899
1463326419879092226
1463326419736481795
1463326419295997953
1463326419212242950
1463326417337274372
1463326417190637574
1463326417056190467
1463326417005862920
1463326416196546567
1463326416125186048
1463326415953305607
1463326415647039499
1463326415257059330
1463326415248625668
1463326415235997696
1463326415085002755
1463326414707384323
1463326414581776384
1463326414543986698
1463326414262968326
1463326413537390592
1463326413331873792
1463326412786577409
1463326412648050694
1463326412425900039
1463326412182487051
1463326411088101376
1463326411054366725
1463326409905119232
1463326409741402115
1463326409376604160
1463326408164491270
1463326408080388101
1463326407816318977
1463326406989991940
1463326406792957956
1463326405949804548
1463326405471707138
1463326405266223109
1463326404599336960
1463326404133588994
1463341596695486465
1463341596410363908
1463341595281944579
1463341594199957505
1463341592962600969
1463341592958287876
1463341592211824640
1463341592207671303
1463341591737757697
1463341591167266816
1463341591071014914
1463341590961926149
1463341590789898243
1463341589930020865
1463341589690863616
1463341588428595207
1463341587895754759
1463341587564359682
1463341587186941952
1463341586834677760
1463341586729693184
1463341586499178508
1463341585756680194
1463341584934526982
1463341584028684289
1463341583550623744
1463341583395393541
1463341583063867393
1463341582032248841
1463341580820099077
1463341580799021058
1463341579712663554
1463341578873880579
1463341578760728580
1463341577665798147
1463341577388978182
1463341576688586757
1463341575170314246
1463341574230794246
1463341572272107520
1463341572087558151
1463341571684933635
1463341571437441026
1463341570606964736
1463341569646505985
1463341568878731266
1463341568455323650
1463341567230373890
1463341565305364486
1463341565129240581
1463341565095686145
1463341564827250690
1463341563870863366
1463341563623317508
1463341563346657283
1463341562276941826
1463341562125897733
1463341562000293899
1463341560024625153
1463341559949242377
1463341559634612229
1463341559433207809
1463341559378706435
1463341558791553024
1463341558229573632
1463341557457772544
1463341556312723463
1463341556203606018
1463341555192721408
1463341554823798791
1463341554672803845
1463341554555256837
1463341554215514117
1463341553217417219
1463341553020194817
1463341552365973506
1463341551904608258
1463341551485079556
1463341551354974208
1463341551015190530
1463341550830772238
1463341550797160459
1463341550583402504
1463341550453366788
1463341550075740162
1463341549933281280
1463341549748633600
1463341549488586762
1463341549115301888
1463341548511371264
1463341548188405762
1463341547450245120
1463341547244560388
1463341546976260101
1463341546464546825
1463341544191184899
1463341544048676865
1463341543809433602
1463341542987337728
1463341541058097155
1463341540156354569
1463341540139483136
1463341539455913987
1463341539317501957
1463341538591838209
1463341538419695618
1463341538306576384
1463341538134700032
1463341537551695872
1463341535840378883
1463341535769079811
1463341535605497856
1463341535433474058
1463341534271705090
1463341533869006851
1463341533076369411
1463341532967317505
1463341532258385927
1463341531704684544
1463341531579002882
1463341531562229761
1463341531046166531
1463341530824032258
1463341530496868354
1463341530375081984
1463341529452322820
1463341528089174016
1463341528017821699
1463341527921565704
1463341526864601094
1463341526717804552
1463341525673431045
1463341523253223424
1463341523181916165
1463341523055955972
1463341522980642826
1463341522225664004
1463341521479032835
1463341520438939653
1463341520338051079
1463341520191254533
1463341519902060546
1463341519876755457
1463341519708983296
1463341519360905216
1463341518853484544
1463341518756794368
1463341518635225088
1463341517909676032
1463341517439856640
1463341517284823043
1463341517167337476
1463341516487757830
1463341516290592772
1463341516097605636
1463341515816816640
1463341515711864834
1463341515443519495
1463341515179282434
1463341514826858501
1463341514805895172
1463341514550128640
1463341514340380673
1463341513971220482
1463341513837060099
1463341513027559426
1463341512750551041
1463341512545210372
1463341512083841037
1463341511861547011
1463341511635050497
1463341510548762628
1463341510187958276
1463341510070571010
1463341510041214986
1463341510028578819
1463341509957369864
1463341509907030016
1463341509370073088
1463341508992671752
1463341507776286726
1463341507755360257
1463341507373580294
1463341507273011203
1463341506715013120
1463341506538967045
1463341506274545669
1463341506182406147
1463341506027216899
1463341505536528392
1463341505389776900
1463341505326862338
1463341504999702529
1463341504932446213
1463341504903012361
1463341504265539585
1463341503640739853
1463341503485394951
1463341502382239745
1463341502214586376
1463356694973456390
1463356694914748420
1463356694046515201
1463356693031661572
1463356692435914753
1463356692276600836
1463356691999723521
1463356690699636738
1463356689068044291
1463356688895983616
1463356688841461768
1463356688648572935
1463356688417705987
1463356688346587139
1463356688224829441
1463356687931174917
1463356686891167745
1463356685892960263
1463356685335113732
1463356684986847236
1463356684601016325
1463356683791388676
1463356683636260877
1463356683623616512
1463356683195977728
1463356683158237185
1463356683032403968
1463356682675781641
1463356682650673153
1463356682189225988
1463356681476186113
1463356681119678465
1463356681056833538
1463356680750645250
1463356680234848258
1463356680125571079
1463356679165132800
1463356678464757761
1463356678309560321
1463356678192001026
1463356677810540548
1463356677730750468
1463356677722365953
1463356677235875849
1463356677080510467
1463356677047169025
1463356675805564929
1463356675558158345
1463356675545518082
1463356675344281608
1463356674778054658
1463356674148810755
1463356674136326144
1463356673813139458
1463356673402277890
1463356672479424518
1463356671942488067
1463356671569252358
1463356671502299140
1463356670751305732
1463356670365605888
1463356669505642498
1463356668956213252
1463356668952002561
1463356668444659716
1463356667412705283
1463356667152658437
1463356666838200322
1463356666435547136
1463356666393542659
1463356666317979648
1463356666213187585
1463356665575530506
1463356664346673154
1463356664296394758
1463356664241872898
1463356663704944645
1463356663247695878
1463356662992052228
1463356662983450624
1463356662727655424
1463356661444272134
1463356661167538178
1463356661045760006
1463356660387299329
1463356659896664065
1463356659665887234
1463356659661774852
1463356659175202828
1463356659128946689
1463356659045130246
1463356658902523904
1463356657967239168
1463356657858134019
1463356657778499586
1463356656721477632
1463356656335704068
1463356655970799619
1463356655341555713
1463356654892818432
1463356653693194245
1463356653596655621
1463356652862656520
1463356652560732163
1463356651478474755
1463356651461828608
1463356650971013129
1463356650706849792
1463356649184317450
1463356649071169538
1463356647980601346
1463356647418511363
1463356646961332225
1463356646197891081
1463356645623271425
1463356644478242823
1463356643471761412
1463356642922217475
1463356642477715460
1463356642196529152
1463356641982644225
1463356641135394817
1463356640866934785
1463356640686592008
1463356640397201409
1463356640225341440
1463356639566835717
1463356638908370958
1463356637524021251
1463356636836155400
1463356636290895878
1463356635670323200
1463356635426873346
1463356634999230466
1463356634210648064
1463356634059751427
1463356633724198912
1463356632344276994
1463356632205651968
1463356632079994880
1463356632029556737
1463356631849345030
1463356631631204354
1463356631228506114
1463356630196797440
1463356629726892036
1463356628581892097
1463356628044947456
1463356627592126465
1463356627369799686
1463356626912612353
1463356625926836224
1463356625817853953
1463356625604038656
1463356624547033096
1463356624370900993
1463356624274223107
1463356623401988106
1463356622273540107
1463356621912875019
1463356621556441089
1463356621417975811
1463356620415582209
1463356619756957700
1463356619367100421
1463356619337736195
1463356619169873922
1463356619048112128
1463356618729734145
1463356618712788992
1463356618091872257
1463356617848729604
1463356616871489542
1463356616355557381
1463356616036683776
1463356616028295168
1463356615348916225
1463356614887591939
1463356614778363909
1463356614023553031
1463356612983369729
1463356611821391881
1463356611586580482
1463356611271950339
1463356610827403264
1463356610559021058
1463356610361929728
1463356609489297414
1463356608902139904
1463356608893706241
1463356608466067458
1463356608357056514
1463356608017154052
1463356607438467072
1463356604812779522
1463356603529371656
1463356603290177536
1463356603248177153
1463356603114332160
1463356602149322755
1463371795818586117
1463371795818557441
1463371795722027011
1463371794308599808
1463371790865027072
1463371790516998148
1463371790504415232
1463371790240165889
1463371789145305090
1463371789040599044
1463371788067479552
1463371787610193922
1463371787413168128
1463371786595311618
1463371786536554496
1463371786502823941
1463371786272350210
1463371784686686208
1463371784477106182
1463371784426827778
1463371784384745473
1463371783919345666
1463371783873052672
1463371783789289475
1463371783655071748
1463371783374053376
1463371783260852224
1463371782979653634
1463371782577086469
1463371782476423171
1463371782388432903
1463371781490679808
1463371781331374081
1463371780740026368
1463371780622479360
1463371779548725253
1463371779456520193
1463371778789560321
1463371778705788929
1463371777980055559
1463371776906477576
1463371775773925376
1463371775736446976
1463371775727702024
1463371775379599362
1463371773509083140
1463371773173456897
1463371773022404615
1463371770208026626
1463371768849068039
1463371768123609093
1463371766680539136
1463371764944146439
1463371764864626695
1463371763283341313
1463371762482089985
1463371762373042177
1463371761974595586
1463371761446096900
1463371760707854340
1463371760599027712
1463371758334103555
1463371758036144134
1463371756933193731
1463371756136140804
1463371755352117248
1463371755247091712
1463371755045666821
1463371753829199875
1463371753812541442
1463371753741332483
1463371753657352192
1463371753091121152
1463371751673720832
1463371751505600525
1463371749878378501
1463371749777678336
1463371749291008004
1463371749198745602
1463371749102276615
1463371748804542466
1463371748393562112
1463371747865108487
1463371746141216771
1463371746002747396
1463371745109450752
1463371745012772875
1463371743964196866
1463371743339462660
1463371742622089218
1463371742399795200
1463371741061738505
1463371740378247172
1463371739371560963
1463371739170283522
1463371738998312966
1463371738213978112
1463371736867500032
1463371736372498441
1463371735902810116
1463371734728519683
1463371733596049416
1463371732291657732
1463371731259830274
1463371730479562752
1463371728965545986
1463371728411836420
1463371728072187905
1463371727803719680
1463371727501611012
1463371727195435013
1463371726759202817
1463371723865456645
1463371723194056704
1463371722451611649
1463371722397261832
1463371721810100228
1463371721289863172
1463371720836980740
1463371719356395520
1463371716533628934
1463371716462145539
1463371714184683521
1463371714134478849
1463371713392033792
1463371713144578049
1463371711647150086
1463371710942822402
1463371710581858307
1463371709684326408
1463371708920840200
1463371708346232835
1463371704433094656
1463371703925493768
1463371703858475009
1463371703766351873
1463371703036387331
1463371701954048000
1463371701375442947
1463371701086035975
1463371701069266948
1463371700976947208
1463371700142329859
1463371698439438336
1463371698422513664
1463371698174976004
1463371697873166337
1463371697130975233
1463371696287608834
1463371695788634114
1463371695297687555
1463371694987362304
1463371694802968578
1463371694341455875
1463371694219808771
1463371693012013057
1463371692873592832
1463371692009566211
1463371691682193408
1463371690533015554
1463371689358774274
1463371689329315840
1463371688092000256
1463371688087805954
1463371687529836547
1463371687492157447
1463371687328505864
1463371685575512071
1463371682849169412
1463371680949153792
1463371679825080323
1463371679158050816
1463371678705012740
1463371678625325061
1463371677555773441
1463371677367246854
1463371677060845570
1463371676893134850
1463371676368867328
1463371675685179394
1463371675114868740
1463371673034534914
1463371672757673986
1463371671323086849
1463371671251812355
1463371671117701126
1463371671092535299
1463371670073266176
1463371669800632327
1463371668097622018
1463371668089417729
1463371668055863298
1463371667527270401
1463371666487054340
1463371666462064649
1463371664834674690
1463371664213753857
1463371663391608833
1463371661319700482
1463371661151932417
1463386895623213058
1463386895451361282
1463386895350702082
1463386895212154881
1463386894704775172
1463386894457204743
1463386894168104960
1463386893458960388
1463386892758564866
1463386892490137606
1463386891999330304
1463386891802263553
1463386891093381124
1463386890703237122
1463386890619572232
1463386890162167810
1463386889499541504
1463386889361117186
1463386889231163397
1463386888765681664
1463386887993790468
1463386886957899776
1463386886056157190
1463386885716385793
1463386884848111619
1463386884420390912
1463386883778564105
1463386883342446592
1463386883145097219
1463386882314801155
1463386881580838916
1463386881425428480
1463386880616112130
1463386880574201861
1463386880486133764
1463386880397889536
1463386880381227008
1463386879030607872
1463386879026475008
1463386878581870595
1463386878414106628
1463386878132953094
1463386877528993794
1463386877415735298
1463386877193560068
1463386876958621702
1463386876513902599
1463386876082020352
1463386875331289089
1463386875310268417
1463386875234639877
1463386874882539523
1463386874723119108
1463386874257436676
1463386874119135235
1463386874072887298
1463386874043678720
1463386873766633474
1463386873536016387
1463386871694716933
1463386871464030208
1463386870725980162
1463386869245353985
1463386868381208582
1463386868335132675
1463386867961937929
1463386867617968128
1463386867496280067
1463386866959273994
1463386866778984449
1463386866108047361
1463386865222914051
1463386865072058369
1463386864610590725
1463386864547774472
1463386864149319681
1463386863352356864
1463386863155167232
1463386861729054725
1463386861359960067
1463386860994981888
1463386860709896201
1463386860366008320
1463386860357443591
1463386859594076167
1463386859053195267
1463386858973401091
1463386858696577029
1463386858424045569
1463386858084130817
1463386857765584896
1463386857211789313
1463386856817664000
1463386856725356546
1463386856146440197
1463386856133963779
1463386855970275333
1463386855357911044
1463386855181668358
1463386854871425027
1463386854695346177
1463386854590353409
1463386854124777482
1463386854120570883
1463386853688557571
1463386853600636929
1463386853411733508
1463386852812017666
1463386852724031496
1463386852463947781
1463386852463939587
1463386851742466054
1463386850597347329
1463386850584899587
1463386850308014084
1463386850194767872
1463386849318256644
1463386849196396552
1463386849062305795
1463386848873566216
1463386848814899201
1463386848781287427
1463386848340946945
1463386848101904385
1463386848068308997
1463386848038772743
1463386847225073665
1463386846919024642
1463386846843441154
1463386846545813506
1463386845643956226
1463386845320867843
1463386845312548865
1463386844868104192
1463386843957837827
1463386843823554565
1463386843475546112
1463386843450281995
1463386843219738629
1463386842758148096
1463386841332137986
1463386841017692166
1463386840539435013
1463386840061280264
1463386838945652739
1463386838878593040
1463386837985095683
1463386837570011136
1463386837133651971
1463386836072640514
1463386835661455361
1463386835246362627
1463386835120365569
1463386834151559176
1463386834017591296
1463386833912360966
1463386833081942018
1463386832641609732
1463386832129822721
1463386831475650562
1463386831358029825
1463386829751828485
1463386829651066883
1463386829445480453
1463386828799627266
1463386828635983874
1463386828229079041
1463386827218292737
1463386827004395521
1463386826685693954
1463386825242726400
1463386824525582340
1463386824185978883
1463386824123064324
1463386823888183302
1463386823238033415
1463386822826987524
1463386822327758850
1463386821296111619
1463386820885073923
1463386820666875906
1463386820385902598
1463386819911827460
1463386819823751168
1463386819160985603
1463386818238423042
1463386817118486532
1463386816418136065
1463386816212619265
1463386815939977222
1463386815776260099
1463386814379556864
1463386814299971589
1463386813058490372
1463386813012135940
1463386812144132100
1463386811934261251
1463386811808555009
1463386811401654275
1463386811204472838
1463401993985085444
1463401993913966594
1463401993116991490
1463401992567459844
1463401992420798465
1463401992013815810
1463401992005455875
1463401991900647428
1463401991837818884
1463401991099633668
1463401990889869312
1463401990327869442
1463401990269059073
1463401990256402433
1463401989556035589
1463401988926816258
1463401988398407680
1463401988348006403
1463401988314390537
1463401988310192128
1463401987978850310
1463401987832172545
1463401987504963585
1463401986968068102
1463401986938658818
1463401984665391105
1463401984543772675
1463401984405479426
1463401984149491713
1463401983583428616
1463401983537201153
1463401982727798788
1463401982455128066
1463401981708484608
1463401981641256960
1463401981456826369
1463401981234475021
1463401980777287684
1463401979917619201
1463401979909230596
1463401979884060676
1463401979661664258
1463401979309441030
1463401979082952704
1463401978923474946
1463401975991648262
1463401975727341568
1463401975110770688
1463401974884225031
1463401974741798912
1463401974661976068
1463401974016135172
1463401973953269769
1463401973944926211
1463401973772800004
1463401972627755008
1463401972015448067
1463401970740432900
1463401969930936327
1463401969222139906
1463401969033236483
1463401968940904449
1463401968802619392
1463401967728930820
1463401966638288899
1463401966520782851
1463401966399373314
1463401966273507330
1463401966273503243
1463401966105554949
1463401965728190469
1463401964583145476
1463401964461428738
1463401964021104640
1463401963845033987
1463401963215855623
1463401963207409668
1463401962783846403
1463401962653687808
1463401962431340550
1463401962121183237
1463401961374601226
1463401960254681090
1463401959956750339
1463401959625478145
1463401959520669698
1463401958266576896
1463401957037690884
1463401956458778626
1463401956261642253
1463401955188174848
1463401955154407429
1463401955087187970
1463401954793570309
1463401954789494788
1463401953631903744
1463401952826458112
1463401951085924355
1463401950813196290
1463401950641278977
1463401949982777346
1463401949030723585
1463401948586016774
1463401948355260419
1463401947491225601
1463401947055022082
1463401946795159553
1463401945876492290
1463401945775935495
1463401944177954819
1463401944173613056
1463401943900983296
1463401943766818816
1463401943678832641
1463401943536062466
1463401943485665280
1463401942806376458
1463401942483447808
1463401942055481344
1463401941933772802
1463401941552226308
1463401940306456585
1463401940197511171
1463401939908050945
1463401939165663237
1463401939161403393
1463401939144740872
1463401938335064073
1463401938175897601
1463401938108784647
1463401936967798791
1463401935969480709
1463401935265054724
1463401935244079105
1463401934967263234
1463401934963212289
1463401934484918272
1463401934379896835
1463401933851566080
1463401933213876224
1463401932991598592
1463401932463259650
1463401932458905601
1463401932224020482
1463401932156850178
1463401931209003011
1463401931116851203
1463401930961604610
1463401930865139719
1463401930395426822
1463401930043142145
1463401927887278080
1463401927773982725
1463401927144886274
1463401926649790467
1463401926616363010
1463401926549192709
1463401926318563334
1463401925882400776
1463401925710434305
1463401924968001539
1463401923902459918
1463401923361447937
1463401923349000192
1463401922753449985
1463401921818079236
1463401920744230916
1463401920505077764
1463401920257798148
1463401920039735299
1463401919251193871
1463401919133536258
1463401918806605830
1463401918768861185
1463401918294736899
1463401918160506885
1463401918160457730
1463401917695070210
1463401916969357323
1463401914406735876
1463401914045980677
1463401913937018890
1463401913873879047
1463401911839866882
1463401911630057477
1463401911428784129
1463401910157914113
1463401910120058881
1463401909520375809
1463401909176479755
1463401909059047431
1463401908945752068
1463401908182433794
1463401908165562371
1463401908123676673
1463401907947511810
1463401907905462274
1463401907691548672
1463401907062456320
1463401906991153157
1463417094628904962
1463417094314373128
1463417093672644612
1463417092540182528
1463417092372418562
1463417092343046149
1463417091760005129
1463417091730587648
1463417091520819200
1463417091445379075
1463417090799509505
1463417090774376449
1463417090744881156
1463417090589687813
1463417090530942982
1463417089314672643
1463417088710627336
1463417088354107394
1463417087293104128
1463417087192444929
1463417087158849540
1463417087058186242
1463417086647037954
1463417086642954242
1463417086210981888
1463417086022230023
1463417085107789824
1463417084705136644
1463417084705062912
1463417083660627969
1463417082918232064
1463417082784018434
1463417082746445827
1463417082507403264
1463417081853054977
1463417081194504195
1463417081173614593
1463417080993259524
1463417080695476226
1463417080347119617
1463417079638409223
1463417078778454025
1463417078367625222
1463417078304673793
1463417077964804098
1463417077335838724
1463417076719230977
1463417076001824773
1463417075121233923
1463417074848575489
1463417074492055555
1463417074395402245
1463417073946828801
1463417073837785091
1463417073338667011
1463417073305112585
1463417072495570945
1463417072403156999
1463417071413473283
1463417070729764871
1463417070507335688
1463417069794381829
1463417069773340675
1463417069756567552
1463417069718937600
1463417068225761280
1463417067957370887
1463417067944689671
1463417067772817411
1463417067755892739
1463417066908647430
1463417065759465472
1463417065688162304
1463417065361096707
1463417065059061760
1463417065042288640
1463417064740331522
1463417064710819843
1463417063058415616
1463417062588489728
1463417061552668677
1463417060562714627
1463417060441083908
1463417060243898375
1463417059849773058
1463417059530797057
1463417058478235649
1463417058243317760
1463417057530105857
1463417057144414209
1463417056435572739
1463417055655481344
1463417055517057026
1463417055336493066
1463417054728437764
1463417054657089537
1463417054065741825
1463417053906231299
1463417053281464320
1463417053096906754
1463417052752982017
1463417052463452169
1463417052421632007
1463417052257931267
1463417052241313792
1463417052153188353
1463417051431596037
1463417051381444608
1463417050681024518
1463417050190295040
1463417049498198018
1463417049330249735
1463417048852307970
1463417048109830144
1463417047992442887
1463417047203917828
1463417046369112066
1463417045853384704
1463417045496872960
1463417045387784192
1463417044733505541
1463417043454103558
1463417042900381696
1463417042766381057
1463417042682494979
1463417041801601026
1463417041361129472
1463417040392396800
1463417040031690753
1463417039486390277
1463417039339544576
1463417039087976453
1463417038983028736
1463417038173523968
1463417037691228161
1463417037632401408
1463417037271744512
1463417036822900736
1463417036672057344
1463417036583972870
1463417036290224130
1463417036198002695
1463417035996631043
1463417035338170368
1463417035023597568
1463417034759303168
1463417034340020228
1463417034092519430
1463417033966690307
1463417033748586501
1463417032720846851
1463417032418869248
1463417030946734080
1463417030929833988
1463417030523203586
1463417029734678533
1463417029533261826
1463417029176840195
1463417028572815368
1463417028434223105
1463417028346368003
1463417027624722433
1463417027314339844
1463417027092262912
1463417026903359489
1463417026681184257
1463417026039455748
1463417025762500617
1463417025540329473
1463417024797835264
1463417024504381441
1463417024390914055
1463417023812317191
1463417023791349761
1463417023464194051
1463417022881095681
1463417022663036933
1463417021937426435
1463417021836800011
1463417021207613440
1463417021136310274
1463417020884602885
1463417020800659456
1463417020154798081
1463417019043401731
1463417018644795398
1463417018363916288
1463417017935953920
1463417017931866115
1463417017470492672
1463417017097240582
1463417016371589124
1463417016136646657
1463417015666974722
1463417015637622788
1463417015025156097
1463417014748332034
1463417014681321473
1463417014345551880
1463417014265987080
1463432193607442433
1463432193557078020
1463432193145860097
1463432192399486983
1463432192273510407
1463432191313076225
1463432191061508096
1463432190901964801
1463432190805651456
1463432190692315139
1463432190247718922
1463432189987770370
1463432188737822726
1463432188519669761
1463432188049960962
1463432186917445634
1463432186523176965
1463432186510647299
1463432186267193350
1463432186087022594
1463432186036641797
1463432185738936327
1463432184623108106
1463432184396664832
1463432184388194304
1463432184354807808
1463432184262365186
1463432183692115979
1463432182710644736
1463432181628514305
1463432181079056390
1463432180437114881
1463432180403691525
1463432180076589058
1463432179992698882
1463432179833319424
1463432179606773763
1463432179481038850
1463432178562392066
1463432177513902080
1463432177077551104
1463432176364515331
1463432176125497344
1463432174351392775
1463432174208786432
1463432174028394498
1463432173634342914
1463432173390897156
1463432173214527491
1463432172967276545
1463432172942020611
1463432172417728514
1463432170719088643
1463432170681339913
1463432170408579075
1463432170228355074
1463432169624383492
1463432169506971650
1463432169423085573
1463432169192361985
1463432169146175488
1463432168965910532
1463432168588279812
1463432168538091522
1463432168265465857
1463432168143835145
1463432167523033092
1463432167338303492
1463432167221088256
1463432166868668421
1463432166839365637
1463432166835056643
1463432165694136320
1463432165501329415
1463432165430022144
1463432165383979010
1463432164767420416
1463432164188438530
1463432164087934983
1463432163911782401
1463432163744006147
1463432163446120453
1463432163362328578
1463432162942898178
1463432162921828352
1463432162200403971
1463432162036928520
1463432161545973766
1463432161197969408
1463432161097363462
1463432160858165249
1463432160795258887
1463432160220631040
1463432159390228482
1463432157859360772
1463432157700009986
1463432157171523590
1463432156814974984
1463432156542287874
1463432156533776388
1463432156294823937
1463432155401535490
1463432154944356354
1463432154835308548
1463432154491371522
1463432154298392579
1463432153820274688
1463432153774108672
1463432153321156610
1463432152822001664
1463432151563710464
1463432151555350528
1463432151479820304
1463432150951374849
1463432149990662149
1463432149458210823
1463432148225040387
1463432147730153474
1463432147239268353
1463432147159638016
1463432146308284417
1463432145536487428
1463432145351835650
1463432144668086274
1463432144315981825
1463432144257171456
1463432144106057728
1463432143992881154
1463432143447609345
1463432143003127808
1463432142113972234
1463432141648318471
1463432141539135489
1463432141346418691
1463432139282735107
1463432139135934464
1463432138863353861
1463432137781166082
1463432137684787202
1463432137407811595
1463432137068081157
1463432136673873920
1463432136325799940
1463432136275419140
1463432135692402693
1463432135600050178
1463432135289749508
1463432133884719104
1463432133679075332
1463432133674995719
1463432133620469761
1463432133326692355
1463432132928307201
1463432132710354947
1463432132555071495
1463432132194279426
1463432131628179458
1463432131544338435
1463432131393331203
1463432130701279239
1463432130525081601
1463432129459671044
1463432129195479041
1463432128885108739
1463432128625008644
1463432127979139072
1463432127681376259
1463432127459086343
1463432127194664965
1463432127102394369
1463432126976729095
1463432126745899008
1463432126574047232
1463432126351781891
1463432126280437761
1463432125990928391
1463432125642776588
1463432124934074375
1463432124468371460
1463432124334174208
1463432124308983808
1463432123809992710
1463432122769809410
1463432122018844674
1463432121947672577
1463432121763069957
1463432121557598212
1463432120341303303
1463432120240676867
1463432119779147783
1463432119330422784
1463432119213072385
1463432118814531594
1463432118520926213
1463432117354995713
1463432116620955648
1463432116142813192
1463432115878510592
1463432115593396227
1463432115383681027
1463447293542162432
1463447293508698120
1463447293420453891
1463447293177253889
1463447293047234561
1463447291931602956
1463447291575123978
1463447290643836932
1463447289993826308
1463447289750380544
1463447289490550785
1463447289138073602
1463447289083617288
1463447288605560835
1463447288534212610
1463447288534081539
1463447288441978880
1463447288433442822
1463447288215482370
1463447287695347715
1463447287447924737
1463447286843858945
1463447286474842113
1463447286470434816
1463447286156046338
1463447286113968136
1463447286009188357
1463447285740851202
1463447285250068482
1463447285170384898
1463447285069750274
1463447284042063873
1463447283354243073
1463447282876096518
1463447282712551424
1463447282406150146
1463447282016309253
1463447281563279362
1463447281525473284
1463447281344999428
1463447280980275201
1463447280648810497
1463447280061718530
1463447278950047748
1463447278908149760
1463447278606295042
1463447277868130309
1463447276022427649
1463447275892621315
1463447275301228544
1463447274072145923
1463447273879257091
1463447273535385600
1463447273178865668
1463447272197275656
1463447271916195840
1463447271635181568
1463447271299768322
1463447271262072835
1463447270754590723
1463447270297276418
1463447269747875840
1463447269374636034
1463447269173338116
1463447269173301248
1463447269122789379
1463447268720353280
1463447268418146309
1463447268128923659
1463447267952799744
1463447267382284290
1463447267222994948
1463447267214516227
1463447267013132294
1463447266652418055
1463447265318686722
1463447265025003521
1463447264442023946
1463447264349892609
1463447264123396101
1463447263968124937
1463447262634332167
1463447262542143489
1463447262479228929
1463447262420295681
1463447262365949957
1463447261778690052
1463447261707476993
1463447261698998276
1463447261354999808
1463447261166383104
1463447260998553605
1463447260944027650
1463447260851757063
1463447260717535238
1463447260654555137
1463447260574932993
1463447260386242563
1463447260105166859
1463447259761283077
1463447259295543296
1463447259287146499
1463447258779852802
1463447258733719552
1463447258616279041
1463447258070978563
1463447258049888260
1463447257659944967
1463447257315823622
1463447256699269120
1463447256519135233
1463447256183410692
1463447255206088704
1463447255030112260
1463447254786711559
1463447254765813760
1463447254539325443
1463447254472167428
1463447254224748549
1463447254086287361
1463447253985771529
1463447253905981442
1463447253528584194
1463447253083987971
1463447252492603396
1463447252089942023
1463447251716435971
1463447251410251777
1463447251179630593
1463447251037171714
1463447250940702735
1463447250818981888
1463447250558877699
1463447250424659976
1463447250357538816
1463447250336722950
1463447250210672642
1463447249841582081
1463447249124532234
1463447247757193226
1463447247564070915
1463447247471976449
1463447246578585608
1463447246490456066
1463447246272274435
1463447246171561984
1463447246012358660
1463447245890605061
1463447245613797378
1463447244145938432
1463447243818770433
1463447243780812800
1463447243604725769
1463447242694705153
1463447242539298825
1463447241860038656
1463447241683783684
1463447241616621572
1463447241105059846
1463447240534802433
1463447239578247170
1463447239209091072
1463447238923988996
1463447238806495233
1463447238349185032
1463447238219284481
1463447237799911424
1463447237619601410
1463447237388812291
1463447237283905538
1463447237200072704
1463447236910600192
1463447236340330497
1463447236189294593
1463447235983810562
1463447235908222977
1463447235425828868
1463447235413389315
1463447235392413701
1463447234910031873
1463447234545168386
1463447234373210114
1463447233777455110
1463447233425203203
1463447233366528005
1463447232380903431
1463447232208936963
1463447231676051461
1463447231558791173
1463447231307128833
1463447230900170752
1463447230837403659
1463447230795423745
1463447230757670914
1463447230702964743
1463447230690455552
1463447230145306627
1463447228987494403
1463447228748480515
1463447228463337474
1463462393116127238
1463462393074307076
1463462393036505089
1463462392877260802
1463462392449306624
1463462392420081665
1463462392365469700
1463462392298307592
1463462392092790787
1463462391698526212
1463462391543328770
1463462391463636992
1463462391379750917
1463462391073714184
1463462391073628161
1463462391065321480
1463462391010643970
1463462391002324993
1463462390968639497
1463462390947745801
1463462390553628684
1463462390213709827
1463462389773336584
1463462389731397633
1463462389630660608
1463462389140144128
1463462389081202703
1463462389051891715
1463462388812824581
1463462388418629633
1463462388171112448
1463462388037042181
1463462387974131715
1463462387948916738
1463462387617386498
1463462387399462913
1463462386631774209
1463462386518552590
1463462386497581060
1463462386422083585
1463462386422063110
1463462386262630404
1463462386178805761
1463462385608450049
1463462385570754560
1463462385256120321
1463462385235070982
1463462385222492161
1463462385176309768
1463462384929062917
1463462384387989505
1463462384299696129
1463462384258138112
1463462384169893888
1463462384102563840
1463462383855149068
1463462383846789125
1463462383779598336
1463462383519551494
1463462383356055554
1463462383259684867
1463462383200849926
1463462382810931207
1463462382450192384
1463462382387216384
1463462381711859716
1463462381695111169
1463462381447569410
1463462380957061125
1463462380944375810
1463462380931670016
1463462380885536770
1463462380399218690
1463462380092854274
1463462379866443777
1463462379723767813
1463462379279245314
1463462379111387136
1463462378582863878
1463462378389979139
1463462378373148673
1463462378293501953
1463462378255888385
1463462378037669894
1463462378020900868
1463462377739984904
1463462377446420484
1463462377370701824
1463462377232297984
1463462376938823683
1463462376930373633
1463462376926171139
1463462376817184771
1463462376758407174
1463462376351551497
1463462376318062599
1463462376183775238
1463462376179699716
1463462376007614468
1463462375781068800
1463462375558836227
1463462375483273216
1463462375315574785
1463462375303036929
1463462375286206464
1463462375198060545
1463462375160311809
1463462374887804929
1463462374753640449
1463462374636081155
1463462374476697605
1463462374300549121
1463462373927358464
1463462373419794432
1463462373386293249
1463462373361172483
1463462373272866822
1463462373096890369
1463462373025529862
1463462372723798016
1463462372580986882
1463462372052553728
1463462371880366083
1463462371691741184
1463462371549081602
1463462371544940548
1463462371347869700
1463462371251433474
1463462371133775873
1463462370764853251
1463462370328592388
1463462370307723266
1463462369883934726
1463462369833590793
1463462369724702721
1463462369472831491
1463462369238024192
1463462369133268995
1463462368831229953
1463462368818651136
1463462368474800128
1463462368466272259
1463462368432861186
1463462367837265920
1463462367711444994
1463462367363272707
1463462367191355393
1463462366805331971
1463462366390231044
1463462366302158850
1463462366247596033
1463462366188695556
1463462366092226567
1463462366063042560
1463462365991620613
1463462365987487754
1463462365656141828
1463462365337305089
1463462365094105093
1463462364989304836
1463462364939001864
1463462364725006337
1463462364624338945
1463462364146249728
1463462363944816649
1463462363735207937
1463462363705720832
1463462363529576449
1463462363349331971
1463462363001241603
1463462362959126532
1463462362845827073
1463462362787295234
1463462362309083138
1463462362103660553
1463462362099245067
1463462361915084804
1463462361730150400
1463462361470222336
1463462361306742787
1463462361277292547
1463462361172361218
1463462361096982530
1463462361096810502
1463462361046548488
1463462360866115586
1463462360770035714
1463462360711114757
1463462360526381063
1463462360325128198
1463462360245587971
1463462360165855236
1463462360144748545
1463462359331393536
1463462358966169600
1463462358886453257
1463462358320394241
1463462357879775235
1463462357472997379
1463462357372321794
1463477492396691458
1463477492208087044
1463477492178726919
1463477491578769409
1463477491058757632
1463477490735800322
1463477490488418313
1463477490261929989
1463477490253508612
1463477490236768258
1463477490035290117
1463477489699889157
1463477489666490368
1463477489590693891
1463477489276100614
1463477489112657923
1463477488944885764
1463477488533659649
1463477488286326796
1463477488269598726
1463477487892148225
1463477487887949826
1463477487388835846
1463477487321636867
1463477486520606721
1463477486356996100
1463477486138707971
1463477485987897348
1463477485887229954
1463477485836845061
1463477485169827841
1463477485035823109
1463477484716969991
1463477484586946563
1463477484524036100
1463477484431757318
1463477484347875332
1463477484209463296
1463477484125667342
1463477484003868672
1463477483852992513
1463477483727048711
1463477483660058626
1463477483555016704
1463477483488092168
1463477483441901576
1463477483358105600
1463477483140005888
1463477482963804160
1463477482951254017
1463477482515054593
1463477481919373318
1463477481894203394
1463477481667710978
1463477481198002177
1463477481168637953
1463477480333918215
1463477480036212745
1463477479872548865
1463477479792910343
1463477479692197890
1463477479457398784
1463477479142608901
1463477479054708739
1463477478958280706
1463477478958243845
1463477478861721605
1463477478773698561
1463477478597570560
1463477478538813448
1463477478006132744
1463477477993431040
1463477477884497926
1463477477813063682
1463477477762912256
1463477477666267136
1463477477628694530
1463477477628596229
1463477477364232193
1463477477251158021
1463477476961796097
1463477476231991296
1463477476034682885
1463477476022226948
1463477475674054663
1463477475229548545
1463477474969493510
1463477474805915651
1463477474126352391
1463477473228824578
1463477472809263106
1463477472725512198
1463477472629039108
1463477472264085512
1463477472264077321
1463477471962185733
1463477471777488897
1463477471744086018
1463477471722889220
1463477471404302337
1463477471274176513
1463477470905176064
1463477470691221504
1463477470443847684
1463477470263488518
1463477469600796676
1463477469491740672
1463477469483356160
1463477468875169800
1463477468795396104
1463477468753453061
1463477468258779137
1463477467872522240
1463477466928857088
1463477466769641473
1463477466664689670
1463477466492588032
1463477466337628162
1463477465871908867
1463477465754570756
1463477465297272833
1463477465205161985
1463477464915746817
1463477464894558210
1463477464697655296
1463477464529657856
1463477464475136002
1463477463866961931
1463477463816687617
1463477463640641538
1463477463451766786
1463477463237943298
1463477462482960384
1463477461711310850
1463477461455417357
1463477461371523073
1463477461325287434
1463477461216382982
1463477461216342018
1463477460989661186
1463477460675215361
1463477460637405187
1463477460343787525
1463477460205334528
1463477459924439043
1463477459635032069
1463477459228053510
1463477459052027907
1463477458921877506
1463477458879979520
1463477458854940680
1463477458674454528
1463477458662002688
1463477458611544068
1463477458498473987
1463477458175336455
1463477457823039492
1463477457491828737
1463477457118535680
1463477456921317387
1463477456799629316
1463477456107552768
1463477455759581185
1463477455503699973
1463477455445016580
1463477455360958470
1463477455100989440
1463477455088504833
1463477454991990785
1463477454824222726
1463477454723596297
1463477454643896325
1463477454413180928
1463477453683412993
1463477453595234305
1463477453368672264
1463477452747988996
1463477452714528778
1463477452710330371
1463477452651388931
1463477452366393353
1463477452223696900
1463477452198531072
1463477452185882632
1463477452152446979
1463477451993096194
1463477450659155971
1463477450055163906
1463477449694621701
1463477449170239494
1463477448968863748
1463477448763318277
1463477448721387520
1463477448566198276
1463477448549404674
1463477448285192194
1463477448155168770
1463477447773470724
1463477447635214344
1463477447362494468
1463492592105136128
1463492591580708865
1463492591522140161
1463492591350169604
1463492591115243526
1463492591106895876
1463492590897094664
1463492590817329160
1463492590603440129
1463492589731024899
1463492589710036992
1463492589416558600
1463492589177356291
1463492588455874572
1463492588372054026
1463492588233797632
1463492588070187016
1463492587822723076
1463492587650695170
1463492587478822912
1463492587310960640
1463492586786934789
1463492586295816198
1463492586123923456
1463492585989685250
1463492585859678208
1463492585721262087
1463492585692012545
1463492585591291910
1463492584911736835
1463492584836407300
1463492584626524161
1463492584475557890
1463492584257454080
1463492584093880327
1463492584014180359
1463492583682940934
1463492583418646529
1463492583242543106
1463492582806196227
1463492582219071502
1463492582097498116
1463492581946494979
1463492581438808064
1463492581426438148
1463492581338357761
1463492581153816577
1463492580826562564
1463492580700823553
1463492580683964425
1463492580423970829
1463492580147089413
1463492579870187532
1463492579798958081
1463492579572338690
1463492579383816204
1463492579279122433
1463492578456834056
1463492578268127237
1463492578041544708
1463492577957761033
1463492577634701315
1463492577538318340
1463492576691081216
1463492576384794627
1463492576133226503
1463492575717773312
1463492575663476739
1463492575659270149
1463492575541612548
1463492574677803024
1463492574551937026
1463492574161907714
1463492573738110976
1463492573457260545
1463492573402583042
1463492573289488391
1463492573171965962
1463492573071298570
1463492572681277442
1463492571989258251
1463492571670396929
1463492571490099204
1463492571481714689
1463492571276013573
1463492571242635268
1463492571024572416
1463492571020283906
1463492570798071808
1463492570764361734
1463492570760335363
1463492570592382978
1463492570491891715
1463492570474893320
1463492570416250883
1463492570236043266
1463492570189901826
1463492570080759810
1463492569992773636
1463492569875333124
1463492569858510848
1463492569770430471
1463492569468309511
1463492569439088643
1463492569237581831
1463492569023893506
1463492568784588800
1463492568566665225
1463492568415490052
1463492568268873729
1463492567228719113
1463492566951866371
1463492566406553604
1463492566368751622
1463492565685125120
1463492565458722822
1463492565286760455
1463492565160841217
1463492564921708547
1463492564871524353
1463492564213018626
1463492564200296449
1463492564149891072
1463492563873247234
1463492563743215620
1463492563730677767
1463492563629920263
1463492563583787012
1463492563416100870
1463492563348992005
1463492563340443648
1463492563340382214
1463492563273347077
1463492562841395201
1463492562036088836
1463492562023591938
1463492561960460291
1463492561717313544
1463492561683812358
1463492561478299654
1463492561323147269
1463492561209905160
1463492560962396162
1463492560865923072
1463492560748433409
1463492560740102144
1463492560555429896
1463492560454762504
1463492560110772224
1463492559540424704
1463492558764584961
1463492558617677828
1463492558366126087
1463492558135386117
1463492558076538881
1463492557745254401
1463492557384691715
1463492556998774785
1463492556902207490
1463492556830957569
1463492556038098952
1463492555841101826
1463492555648249858
1463492555614654471
1463492555358752770
1463492554914156553
1463492554473807874
1463492554448465920
1463492554310049798
1463492554146656267
1463492553899188231
1463492553848860673
1463492553588805642
1463492553471373313
1463492552942837765
1463492552208834562
1463492552204734465
1463492552200437763
1463492551915278340
1463492551663448065
1463492551235751944
1463492551223226375
1463492550438887426
1463492550409523206
1463492550355038214
1463492549876674571
1463492549813968898
1463492549759361028
1463492549386117129
1463492549365145613
1463492549264433152
1463492548773781514
1463492548698071042
1463492548694097925
1463492546944925696
1463492546802241541
1463492546282274820
1463492545942589441
1463492545921617925
1463492545892077568
1463507691142275079
1463507690949427200
1463507690873769991
1463507690634846208
1463507690244780032
1463507690039042049
1463507689804156937
1463507689800044563
1463507689741373440
1463507689523200004
1463507689380712454
1463507688822915077
1463507688567021576
1463507688264851460
1463507688042733573
1463507687946211330
1463507687724011523
1463507687505727489
1463507687476322309
1463507687262535683
1463507686889242625
1463507686797062156
1463507686423621639
1463507686218256396
1463507685937008644
1463507685870026755
1463507685396074496
1463507685199036427
1463507684813164544
1463507684716683265
1463507684418732032
1463507684230107139
1463507684225814539
1463507683890237444
1463507682116132868
1463507681864568836
1463507681671589889
1463507681495371785
1463507681348665351
1463507681289940992
1463507681201639429
1463507681164025856
1463507681151311883
1463507681147195398
1463507680559964165
1463507680388005888
1463507680354578433
1463507680010588160
1463507680006328321
1463507679867899911
1463507679704403969
1463507678995562503
1463507678941138952
1463507678941089792
1463507678857252870
1463507678811021316
1463507678764978178
1463507678685278214
1463507678588592138
1463507678576234497
1463507678353936395
1463507678253269003
1463507678026559491
1463507677900951553
1463507677863026689
1463507677749911557
1463507677691228161
1463507677682626561
1463507677611364353
1463507677527478275
1463507677246472195
1463507676940230657
1463507676910931975
1463507676906799114
1463507676441333770
1463507676244099083
1463507675681996803
1463507675388399621
1463507675355000832
1463507674834911239
1463507673907806211
1463507673899585543
1463507673639526403
1463507673400233989
1463507673345843210
1463507673312231428
1463507673207484425
1463507673043853317
1463507672930693120
1463507672905494535
1463507672846770180
1463507672834183169
1463507672582574081
1463507672444162057
1463507672284680194
1463507672238477313
1463507671923900422
1463507671777255431
1463507671731122189
1463507671424937991
1463507671139721218
1463507670699237377
1463507670497857540
1463507670481006598
1463507670355357699
1463507670355169286
1463507670183419904
1463507670091108353
1463507669885460481
1463507669696884745
1463507669692473351
1463507669587836930
1463507669579350024
1463507669424259081
1463507669344567297
1463507669239558146
1463507669176799242
1463507669101199360
1463507668795072523
1463507668715380737
1463507668505698307
1463507668425916426
1463507668417478664
1463507668233068549
1463507668220395530
1463507667486482435
1463507667134009346
1463507667079606276
1463507666987270144
1463507666194599944
1463507666182021120
1463507665909211136
1463507665808769034
1463507665775169537
1463507665573711877
1463507665531797508
1463507665376657415
1463507664629952522
1463507664214712321
1463507664135024640
1463507664034361349
1463507664030294016
1463507664017793027
1463507663988215810
1463507663740887048
1463507663694839808
1463507663510138883
1463507663342424069
1463507663145340932
1463507663099027465
1463507662742728707
1463507662663000075
1463507662310547466
1463507662193061897
1463507662012887051
1463507661794820099
1463507661308186628
1463507661299802123
1463507661207396360
1463507660960006148
1463507660586684417
1463507660527968260
1463507660402307073
1463507660255346688
1463507660037365761
1463507660012068867
1463507659756167172
1463507659651493894
1463507659341053956
1463507658816827395
1463507658653126657
1463507658640543748
1463507658577747970
1463507658175041539
1463507658032525315
1463507657654898694
1463507657499627521
1463507657218740224
1463507656967176196
1463507656933474314
1463507656824729602
1463507656723910660
1463507656715374592
1463507656652439554
1463507656610570244
1463507656589594631
1463507656514043906
1463507656472023040
1463507655465467908
1463507655440445447
1463507655238897667
1463507655171969027
1463507654836465671
1463507654731571202
1463507654374952961
1463507654085644292
1463507653645246471
1463507653590724614
1463507653322182656
1463507653284532224
1463522790766563330
1463522789923635200
1463522789810335748
1463522789768327169
1463522789646913538
1463522789554630662
1463522789357506572
1463522789156077571
1463522789059530758
1463522788929683466
1463522788736651267
1463522788728205315
1463522788644319236
1463522788400984064
1463522788283752450
1463522788241727497
1463522787780448259
1463522787620909070
1463522787235184646
1463522787067318281
1463522786907852800
1463522786702655488
1463522786496823304
1463522786215927823
1463522785519874049
1463522785494728704
1463522785402277889
1463522784567463937
1463522784253034496
1463522784215187462
1463522783799906312
1463522783305113603
1463522783237787652
1463522783011479554
1463522782961025028
1463522782881406981
1463522782780739603
1463522782654996484
1463522781916811269
1463522781736407042
1463522781161836544
1463522780977278983
1463522780738199556
1463522780406816772
1463522780402569219
1463522779911782405
1463522779618234368
1463522779450552320
1463522779190505480
1463522778900942853
1463522778271961092
1463522778041229326
1463522777974067200
1463522777936322569
1463522777021960194
1463522776980074517
1463522776904572930
1463522776875089927
1463522776761962497
1463522776564834310
1463522776405495811
1463522776162123794
1463522776141246466
1463522775587602440
1463522775298158594
1463522775264542723
1463522775029665797
1463522774224408586
1463522774148734984
1463522773863583749
1463522773519638535
1463522773322457091
1463522773117116420
1463522772995526656
1463522772899045381
1463522772760596482
1463522772651552770
1463522772571861002
1463522772131495948
1463522772014059524
1463522772005576709
1463522771917586436
1463522771745456131
1463522771615592455
1463522771263229953
1463522770571218944
1463522770533371906
1463522770495619075
1463522770470375428
1463522769690406913
1463522769229037575
1463522769098838024
1463522768994005002
1463522768880914442
1463522768662630402
1463522767895207940
1463522767391760394
1463522767379353607
1463522766133420034
1463522765978411011
1463522765907058689
1463522765831614467
1463522765651124228
1463522765588385796
1463522765412175878
1463522765181497344
1463522765089116163
1463522765063950337
1463522765042950172
1463522764921483267
1463522764481077252
1463522764460105738
1463522764317511686
1463522764111892492
1463522764107755521
1463522764049027073
1463522763768012801
1463522763591888900
1463522763512107010
1463522763424296968
1463522762950127616
1463522762853543936
1463522762652147718
1463522762371342345
1463522762287427594
1463522762228572176
1463522762207547405
1463522761830240258
1463522761599598592
1463522761385472002
1463522760861253632
1463522760655659009
1463522760102223885
1463522760051855361
1463522760005672965
1463522759896616966
1463522759733039109
1463522759494049792
1463522759124865028
1463522758999121934
1463522758911049731
1463522758164422656
1463522758151835656
1463522758151782404
1463522758109847557
1463522758093119490
1463522757652721669
1463522757375836161
1463522757367500809
1463522757149265926
1463522757069651980
1463522757006798861
1463522756947963909
1463522756851609609
1463522756579008519
1463522756331552770
1463522756327182341
1463522755844837381
1463522755656228872
1463522755643592705
1463522755580768269
1463522755274371075
1463522755261911051
1463522755220017156
1463522755215822854
1463522755081609216
1463522755018727427
1463522754368577536
1463522754360184838
1463522753424859136
1463522753416515599
1463522753353506827
1463522753341014022
1463522751868809224
1463522751457677318
1463522751210262528
1463522751143198726
1463522751063470085
1463522751025754127
1463522751013081090
1463522750786510852
1463522750518247437
1463522750438457348
1463522750434217998
1463522749914222595
1463522749901643786
1463522749574377472
1463522749264150543
1463522749255598081
1463522749159202820
1463522749129924610
1463522748978786312
1463522748794298375
1463522747724742660
1463522747699822592
1463522747225542672
1463522747154325514
1463522746587959298
1463522746374176777
1463522746261024769
1463537890319863821
1463537890068090884
1463537889904635904
1463537889690759180
1463537889669787648
1463537889594290177
1463537889443303428
1463537889027973125
1463537888394891264
1463537888222715914
1463537887979270148
1463537887375466499
1463537886708572162
1463537886675058692
1463537886649896960
1463537886230241284
1463537886108823564
1463537885513199619
1463537885127196674
1463537884804358150
1463537884422619142
1463537883718033412
1463537883579654146
1463537883579514880
1463537883378294802
1463537883273478145
1463537883269246978
1463537883252502535
1463537883009200128
1463537882753232897
1463537882694656010
1463537882342117383
1463537882220609539
1463537882203926539
1463537881994178563
1463537881734160394
1463537881457254401
1463537881344090114
1463537881063071749
1463537880387633154
1463537879502704640
1463537879293075465
1463537879129501703
1463537878789947394
1463537878735241220
1463537878550687744
1463537878223319050
1463537878072533007
1463537877879504897
1463537877862830082
1463537877745242114
1463537877590106114
1463537877489360896
1463537877283835907
1463537876994387969
1463537876918943747
1463537876759633926
1463537876503650310
1463537876247871494
1463537875660816391
1463537874658230274
1463537874557497344
1463537874435985417
1463537874222170126
1463537874180182021
1463537874167545865
1463537873949396996
1463537873659990017
1463537873655840771
1463537873521721363
1463537873467195394
1463537872338829317
1463537872250753025
1463537871848189952
1463537871667793925
1463537871550304259
1463537871512834048
1463537871462223881
1463537871235653637
1463537871046983680
1463537870988324871
1463537870220795913
1463537870220705804
1463537869918715914
1463537869843165193
1463537869637791753
1463537869553868805
1463537869134381063
1463537869037838342
1463537868295520270
1463537868257775629
1463537867876012032
1463537867821658117
1463537867725045768
1463537867288948748
1463537867142189056
1463537867079229451
1463537866961604612
1463537866512867333
1463537866383011851
1463537866374582276
1463537866324078596
1463537866185846789
1463537865858691074
1463537865720320002
1463537865296650240
1463537864843665409
1463537864659156999
1463537864596201476
1463537863853846538
1463537863740600340
1463537863505629194
1463537863493046273
1463537863392256000
1463537863392251907
1463537863056891905
1463537862868185096
1463537862868099082
1463537862725541888
1463537862486413312
1463537862364729344
1463537862041915402
1463537861962174469
1463537861840588802
1463537861794353157
1463537861697982471
1463537861605695489
1463537861584732161
1463537861161070600
1463537861148524545
1463537860896768005
1463537860397699075
1463537860246597634
1463537859827310608
1463537859621797888
1463537859579846664
1463537858413797376
1463537858094977033
1463537858006847495
1463537857927208974
1463537857776267269
1463537857713393666
1463537857293783046
1463537857209851917
1463537857159593990
1463537856413155339
1463537855234334721
1463537854999527430
1463537854374723595
1463537854039138306
1463537854018211840
1463537853854593039
1463537853527330819
1463537853430968322
1463537853405835266
1463537852843761669
1463537852638109699
1463537852503965704
1463537851858046976
1463537851669225479
1463537851631808520
1463537851451248647
1463537851417694215
1463537851296063491
1463537851212218382
1463537850809466880
1463537850721488899
1463537850721308673
1463537850373259275
1463537849437884419
1463537849366503430
1463537848368320518
1463537848079032321
1463537847823216645
1463537847743533062
1463537847714021379
1463537847449923591
1463537847294697483
1463537847294697472
1463537846124433414
1463537845935689728
1463537845562339336
1463537844794834944
1463537844622970886
1463537844589322245
1463537843599458304
1463537842786045954
1463537842710265858
1463537842332659713
1463537842311901187
1463537842152300547
1463537842051768333
1463537842035040259
1463537841657442307
1463537841452032000
1463537840541913089
1463537840499814405
1463537840462221321
1463537840344731664
1463537840227172354
1463552990036606978
1463552989822472192
1463552989046657026
1463552988966842368
1463552988941885441
1463552988832845824
1463552988077862920
1463552988069482505
1463552988035883008
1463552987943550979
1463552987930976256
1463552987708764161
1463552987683602437
1463552987654242311
1463552986936795141
1463552986911842307
1463552986773291010
1463552986278469640
1463552986270031878
1463552986169462788
1463552986018467841
1463552985653555209
1463552985573871617
1463552985330499592
1463552985200537613
1463552985070333952
1463552984995008513
1463552984650977280
1463552984604839943
1463552984533680128
1463552984458186753
1463552984433016832
1463552984357523457
1463552984168771592
1463552984122593284
1463552984017633285
1463552983866638340
1463552983824683012
1463552983539621892
1463552983392833545
1463552983220719623
1463552982692343812
1463552982604079104
1463552982377631748
1463552982306496523
1463552981794701315
1463552981484269568
1463552980913999876
1463552980444196872
1463552979898884105
1463552979596976132
1463552979253043210
1463552979206914051
1463552979202678787
1463552979139796998
1463552978808410115
1463552978783289352
1463552978678337538
1463552978439315463
1463552978338693124
1463552978330210314
1463552977898070016
1463552977826889741
1463552977579483140
1463552977491349506
1463552977474576389
1463552977415938052
1463552977327857674
1463552977092808705
1463552976400752647
1463552975738130447
1463552975616548866
1463552975335567371
1463552975117471748
1463552974966468614
1463552974798659590
1463552974765142022
1463552974521655296
1463552974517583882
1463552974051897345
1463552974030917635
1463552974022537228
1463552973989191683
1463552972814618624
1463552972626010113
1463552972571377667
1463552972470824970
1463552972353273856
1463552972349054986
1463552972319776771
1463552971900338178
1463552971770368007
1463552971468324865
1463552971455746057
1463552971426435087
1463552971191590912
1463552971107676160
1463552970537242626
1463552970218344451
1463552969891274760
1463552969710919684
1463552969702404097
1463552969576747016
1463552969270513666
1463552969262219274
1463552969090080773
1463552968783978498
1463552968511340560
1463552968347820040
1463552968138104834
1463552967861104642
1463552967777390603
1463552967567720454
1463552967529746441
1463552967160774668
1463552967097950213
1463552966682714112
1463552966493831168
1463552966435168259
1463552966271516674
1463552965999046664
1463552965982273546
1463552965680238601
1463552965546020864
1463552965453697029
1463552965344649223
1463552965340368898
1463552965139210251
1463552964920963079
1463552964438732806
1463552964321284109
1463552963692036096
1463552963440377856
1463552963323084806
1463552963230801920
1463552963155304453
1463552963083784194
1463552962949750791
1463552962148671490
1463552961674891264
1463552961666289671
1463552961641160705
1463552961561378820
1463552961397735427
1463552960839831554
1463552960181399554
1463552960076595207
1463552959917314052
1463552959908831239
1463552959610966023
1463552958960832518
1463552958914707456
1463552958860349442
1463552958570893313
1463552958281437200
1463552958168240135
1463552957908074500
1463552957568409604
1463552957417496579
1463552957379661826
1463552957140586503
1463552956524019721
1463552956389675008
1463552956385484801
1463552956268171268
1463552956104646657
1463552955886489611
1463552955689361415
1463552955555135491
1463552954863173634
1463552954749886466
1463552954112229379
1463552953931866114
1463552953768312840
1463552953743298572
1463552953516707841
1463552953239756814
1463552953177018373
1463552952778514439
1463552952723980291
1463552952203984898
1463552952019337219
1463552951960571907
1463552951889408003
1463552951851667457
1463552951537045514
1463552951234875397
1463552951062917129
1463552950995877889
1463552950845022215
1463552950832226310
1463552950316453889
1463552950287093760
1463552949800640523
1463552949762895872
1463552949293096962
1463552947875418119
1463552947628003329
1463552947481190404
1463552947325845504
1463568088981508101
1463568088675323904
1463568088570351616
1463568088373334022
1463568088163663879
1463568088163655682
1463568087559684107
1463568087547006988
1463568087438045193
1463568087102287877
1463568087068946448
1463568086993453063
1463568086951415810
1463568086649520135
1463568086360117251
1463568086360104963
1463568086330753024
1463568086305488896
1463568086209028098
1463568085227552769
1463568085051453440
1463568084963262465
1463568084384600064
1463568083801415687
1463568083407278089
1463568083038183429
1463568082866110464
1463568082606215171
1463568082283241477
1463568081742176257
1463568081716846602
1463568081691762695
1463568081590968328
1463568081037443082
1463568080697761797
1463568080592941067
1463568080378990602
1463568080244727815
1463568080097865728
1463568080089624582
1463568079452000259
1463568078302711815
1463568077623369734
1463568077459800066
1463568076931219463
1463568076813836295
1463568076192976897
1463568075773599757
1463568074964152328
1463568074934788102
1463568074750107649
1463568074716553216
1463568074502778889
1463568073835823110
1463568073789788174
1463568073546420224
1463568073483603975
1463568072669896706
1463568072170684427
1463568072153911297
1463568071843618830
1463568071789105155
1463568071545659399
1463568070954426371
1463568070883090436
1463568070723710982
1463568070501359629
1463568070241239047
1463568070119759879
1463568070031650821
1463568070023258123
1463568069880696832
1463568069817733130
1463568069620609024
1463568069591121926
1463568069574467586
1463568069540864007
1463568069331148800
1463568069180207104
1463568068999847939
1463568068899184646
1463568068316065793
1463568068240674826
1463568068060356621
1463568067578019852
1463568067448000512
1463568067435376640
1463568067334574081
1463568067305349121
1463568067095515146
1463568066592321541
1463568066579615747
1463568066453946379
1463568066189611013
1463568065988341762
1463568065917030401
1463568065908678658
1463568065715654656
1463568065375973394
1463568065271115783
1463568064654553094
1463568063794659331
1463568063614238721
1463568063341768711
1463568063203364869
1463568063190777856
1463568063056564229
1463568062515453954
1463568062494486531
1463568062108557322
1463568062062469122
1463568061945024514
1463568061722677258
1463568061718532105
1463568061366165512
1463568061097775120
1463568061068464133
1463568060854333442
1463568060644839433
1463568060556718088
1463568060435083268
1463568060133040128
1463568059814215685
1463568059789193224
1463568059654983693
1463568059566891008
1463568059403231233
1463568058312642564
1463568058178494470
1463568058140839940
1463568057809481738
1463568057582993416
1463568057062891524
1463568056920256514
1463568056391589889
1463568056358256646
1463568056060301313
1463568055838068742
1463568055561240587
1463568055297003523
1463568055238381568
1463568055083192333
1463568054978289665
1463568054474788864
1463568054466580491
1463568053803708418
1463568053690634242
1463568053585723394
1463568052503650309
1463568051815731202
1463568051748622344
1463568051346055183
1463568051308318722
1463568051308216321
1463568051262177292
1463568051236970496
1463568050859515908
1463568050683146240
1463568050632888320
1463568050482028545
1463568050305785864
1463568050125516819
1463568049710247940
1463568049542516738
1463568049395716097
1463568049034784773
1463568048951070721
1463568048917520389
1463568048737206272
1463568048082673669
1463568048078692361
1463568047751319559
1463568047743160321
1463568047646691333
1463568047441170437
1463568046975500288
1463568046975373318
1463568046740717569
1463568046119923717
1463568045528567812
1463568045503401994
1463568045469745158
1463568045406924806
1463568044911906828
1463568044454604808
1463568044295397388
1463568044052074507
1463568043678867458
1463568043662053380
1463568043309678592
1463568043250831366
1463568043062218769
1463568041996963853
1463568041170456581
1463568040923172869
1463568040830779399
1463568040734478341
1463568040533000193
1463568040491204613
1463568039627087873
1463583189025234946
1463583188807307269
1463583188710739976
1463583188345925639
1463583187913764865
1463583187725168645
1463583187460837376
1463583186844270599
1463583186630242307
1463583186437521408
1463583186303209472
1463583186030632968
1463583185930014723
1463583185749651463
1463583185653145606
1463583185644699651
1463583185409880067
1463583185187614721
1463583185120514049
1463583184839450631
1463583184780677128
1463583184193568779
1463583183807647745
1463583183467950081
1463583183182737411
1463583183081979915
1463583181790228481
1463583180980506624
1463583180464738310
1463583180435308553
1463583180359831552
1463583180296970247
1463583178896154638
1463583178170458116
1463583177667006465
1463583177348370441
1463583177059053580
1463583176736002062
1463583176450723841
1463583176316567553
1463583176186642432
1463583176157286400
1463583176111144965
1463583175855144962
1463583175419047936
1463583175251304448
1463583175150497794
1463583174576029703
1463583174370471938
1463583174190108679
1463583173598760973
1463583173577748481
1463583173342863365
1463583173229662223
1463583173183303683
1463583172705275907
1463583172684394506
1463583172256579584
1463583171979603972
1463583171770040320
1463583171438538755
1463583171413479425
1463583171358900230
1463583171203768325
1463583170989801472
1463583170901725192
1463583170750816262
1463583170675290114
1463583170666942473
1463583170650066944
1463583170239025157
1463583170075504645
1463583169840623628
1463583169840570369
1463583169542864898
1463583169148604416
1463583168808767503
1463583168758304773
1463583168523640833
1463583168485859329
1463583168351539201
1463583167957266436
1463583167655337985
1463583167353339917
1463583167290482698
1463583166615240715
1463583166359171074
1463583165872750599
1463583165721755658
1463583165331738628
1463583165189083145
1463583165134614541
1463583165084274689
1463583164870258688
1463583164790673413
1463583164652261381
1463583164413227009
1463583164203479051
1463583163960205321
1463583163381338112
1463583162404069382
1463583162336952330
1463583162215374853
1463583161925914638
1463583160193757186
1463583159862317061
1463583159610707972
1463583159577038850
1463583159526862849
1463583159279308800
1463583158952103937
1463583158910210055
1463583158893436931
1463583158792855557
1463583158453026823
1463583157869965314
1463583157823975424
1463583157463175172
1463583157077295111
1463583156439699456
1463583156318187525
1463583155726733330
1463583155663908872
1463583155391238154
1463583155047354370
1463583154728538113
1463583154430750728
1463583154304860163
1463583153877098499
1463583153822515205
1463583153579335683
1463583153528971276
1463583153508040707
1463583153428353030
1463583153281540111
1463583153214341128
1463583152698531847
1463583152501366798
1463583152471904259
1463583152404901895
1463583152325251074
1463583152094556171
1463583151834476553
1463583151763173379
1463583151347965964
1463583151180197896
1463583150978781198
1463583150542659590
1463583150337048581
1463583150249021444
1463583150144110592
1463583150072901651
1463583149611524104
1463583149313646592
1463583148801990656
1463583148332052481
1463583148013412352
1463583147375960068
1463583147287851020
1463583146771890177
1463583146750922753
1463583146365100041
1463583146356707334
1463583145794670596
1463583145672982531
1463583145488523267
1463583144876158980
1463583144817397760
1463583143756140548
1463583143580033026
1463583143051489287
1463583142854467592
1463583142690930695
1463583141986242561
1463583140878901258
1463583140182732808
1463583140077883394
1463583139826130949
1463583139792662537
1463583139469660162
1463583138794426370
1463583138580475909
1463583138286911495
1463583137959665667
1463583137842270208
1463583137775108098
1463583137771016213
1463583137640980483
1463583137158602757
1463583136168783877
1463583135556325381
1463583134927179779
1463583134792962050
1463583134591631364
1463583134528806912
1463583133874499587
1463583133790523402
1463583133014671360
1463583132851089410
1463583132033200136
1463598288523997193
1463598286649053192
1463598286149988352
1463598286124711936
1463598285696999424
1463598285302554629
1463598284149178368
1463598283775905793
1463598283511762951
1463598283155075074
1463598283142615051
1463598283058819074
1463598282983280652
1463598282882568196
1463598282849009665
1463598282823798795
1463598282777804815
1463598282387738626
1463598282157047810
1463598281779556355
1463598281632661518
1463598281334816769
1463598281125154818
1463598281100079116
1463598281083297794
1463598280827453445
1463598280630321155
1463598280135303177
1463598279913000967
1463598279690788876
1463598279329988614
1463598279317405705
1463598278688260110
1463598278335946755
1463598277341949955
1463598276985470983
1463598276163383296
1463598276008202243
1463598275752255491
1463598275349651461
1463598275320332294
1463598274749911048
1463598274665979912
1463598274477187088
1463598274296913932
1463598274145931266
1463598273407635460
1463598273369980933
1463598273000783875
1463598271893426176
1463598271671279616
1463598271419465729
1463598270920511493
1463598270618509324
1463598270618365953
1463598270396174339
1463598270350073864
1463598270119395329
1463598270085795858
1463598269800583168
1463598269754347521
1463598269699874824
1463598269674758144
1463598269431529472
1463598268936605697
1463598268559073282
1463598268068372483
1463598267976065033
1463598267342721025
1463598267078430729
1463598267053359109
1463598266956795904
1463598266818473984
1463598266805850113
1463598266323460110
1463598266004746246
1463598265992052738
1463598265799225355
1463598265656614925
1463598265543315462
1463598265056772099
1463598264801021963
1463598264742121475
1463598264691867654
1463598264108916743
1463598262871629830
1463598262829686787
1463598262783512577
1463598262607388685
1463598262464573444
1463598262456225792
1463598262095683602
1463598261319741445
1463598261038637058
1463598260916920320
1463598260325601280
1463598260183093253
1463598260090818567
1463598259696545809
1463598259465867271
1463598259058974734
1463598258601799685
1463598258559799300
1463598258379538435
1463598257804918791
1463598257632907273
1463598257561554949
1463598257343451142
1463598257154703365
1463598256865353728
1463598256378679296
1463598256362082308
1463598256315932673
1463598256206848016
1463598256051695620
1463598255678369804
1463598255506345997
1463598255275663372
1463598255242194946
1463598255204446209
1463598255166603266
1463598255086784517
1463598254814343174
1463598254319443970
1463598254050922499
1463598253975367681
1463598253694496772
1463598253560283146
1463598253522382852
1463598253249859585
1463598253073526787
1463598253027516421
1463598252876574724
1463598252285210629
1463598251991515141
1463598251748249602
1463598250804584452
1463598250733223939
1463598250653478913
1463598250364129327
1463598250154500110
1463598249844031494
1463598249735073799
1463598248929730565
1463598248048922630
1463598247776178178
1463598247684059136
1463598247264407554
1463598247155482626
1463598246715142151
1463598246677430274
1463598245947584522
1463598245838479369
1463598245746286597
1463598245452697606
1463598245125500928
1463598245125312512
1463598245104467969
1463598244693303297
1463598244391497733
1463598243233742849
1463598243082911748
1463598243019993090
1463598242759786500
1463598242076184577
1463598241904267268
1463598241765900289
1463598241396707335
1463598241191182343
1463598240910217217
1463598240813785092
1463598240134225929
1463598240096522250
1463598239429578755
1463598239341494278
1463598239320621062
1463598239299833856
1463598237919629329
1463598237823033347
1463598237546254337
1463598237084962825
1463598236984295427
1463598236669775885
1463598236522868740
1463598236132909057
1463598236002930697
1463598235390558209
1463598235206000644
1463598235092758532
1463598234992103427
1463598234962731012
1463598234295808003
1463598234165731336
1463598234153242628
1463598234132230150
1463598234069348360
1463598233935097858
1463598233859592202
1463598233574387726
1463598232831942657
1463613387687051264
1463613387586347020
1463613387556986884
1463613387334639619
1463613386701381641
1463613386021916679
1463613385950392320
1463613385724026888
1463613385543720962
1463613385312911365
1463613385199734790
1463613384994217986
1463613384885248003
1463613384692281356
1463613384658620423
1463613384272891904
1463613383844974593
1463613383496777733
1463613383371104264
1463613383098339328
1463613382616039426
1463613382578241540
1463613382477574145
1463613382372773898
1463613382297280516
1463613381999423489
1463613381550624768
1463613381332635654
1463613381252890628
1463613381169106960
1463613380854353924
1463613380732669952
1463613380661551108
1463613380221145089
1463613379998748672
1463613379973636101
1463613379906609162
1463613379893940228
1463613379629752323
1463613379340386313
1463613378698612736
1463613378681655298
1463613378245627915
1463613378203639813
1463613377998163971
1463613377641648140
1463613377603846150
1463613377029324809
1463613376278540294
1463613375783526400
1463613374671949827
1463613374605008897
1463613374571364354
1463613374407843857
1463613374198169607
1463613373535428614
1463613373317357568
1463613372910428163
1463613372704960515
1463613372574752770
1463613372147064839
1463613372084240384
1463613372050513923
1463613372029624324
1463613371576729604
1463613371522113539
1463613371215929358
1463613371115196417
1463613371014549505
1463613370205147144
1463613369890611202
1463613369664131077
1463613369567563781
1463613369148067841
1463613369001385995
1463613368879792131
1463613368774930438
1463613368460267522
1463613368061755396
1463613367864729600
1463613367340392453
1463613367281664007
1463613367248117770
1463613366837125125
1463613366430228491
1463613366430224397
1463613366170230786
1463613366014984193
1463613365939576844
1463613365901832202
1463613365847273473
1463613365343948805
1463613365302054921
1463613365285179403
1463613365222260743
1463613364433784839
1463613364354101253
1463613364156964867
1463613363892670469
1463613363817230343
1463613363515179008
1463613363183828995
1463613362340827138
1463613362277920777
1463613362240172039
1463613361204211714
1463613360700809224
1463613360449142790
1463613360147255296
1463613359878721541
1463613359849357319
1463613359752892420
1463613359690031122
1463613359685836803
1463613359539073038
1463613359476068353
1463613358918283271
1463613358691782659
1463613358213586950
1463613357924179969
1463613357332779008
1463613356653297672
1463613356468625410
1463613356221345801
1463613355718062083
1463613355646664714
1463613354874970114
1463613354774249473
1463613354459766786
1463613354283610113
1463613354145165315
1463613354036154368
1463613353557909506
1463613353440559107
1463613353297915911
1463613353289465861
1463613353281085445
1463613352832389133
1463613352807075842
1463613352224174087
1463613352152911872
1463613351880269839
1463613351762694150
1463613351389507590
1463613351368527883
1463613351087554564
1463613351074975744
1463613350823305221
1463613350584234001
1463613350198358016
1463613349569216512
1463613349535625220
1463613348608622609
1463613348558393351
1463613348449116163
1463613348394713090
1463613348319313931
1463613347669098501
1463613347643936778
1463613347643871232
1463613346880659459
1463613346423394317
1463613346276646913
1463613345693454337
1463613345534148610
1463613345425235969
1463613345110573065
1463613344875782157
1463613344842194945
1463613344779223044
1463613344645095425
1463613344246554628
1463613344061919235
1463613344024338435
1463613343843950612
1463613343315410948
1463613343244115968
1463613342766059524
1463613342610776066
1463613342455529477
1463613342401155076
1463613342111580164
1463613341553901583
1463613341444808706
1463613341365157894
1463613341298040837
1463613341281267718
1463613341193093125
1463613341046247425
1463613340857483265
1463613340597436416
1463613340509425677
1463613340328939523
1463613340316536841
1463613340232605698
1463613340194902021
1463613339817365513
1463613339431583756
1463613338995286032
1463613338970050562
1463628487219200010
1463628487151947776
1463628486988505090
1463628486493577225
1463628486359371778
1463628486094901255
1463628485977591809
1463628485973397507
1463628485893701637
1463628485872734218
1463628485843378183
1463628485763682311
1463628485641977871
1463628485566636033
1463628485453299713
1463628485272899584
1463628484991934465
1463628484685840387
1463628483796549638
1463628483398148100
1463628483234603009
1463628482949308422
1463628482928386052
1463628482802450432
1463628482316062723
1463628482253049861
1463628482173452293
1463628482144083969
1463628482122899464
1463628482089570309
1463628481988804611
1463628481712074759
1463628481691070471
1463628481149882370
1463628480990621697
1463628480977850369
1463628480604745733
1463628480462168070
1463628480453570561
1463628479761633287
1463628479153512451
1463628478989824001
1463628478700527626
1463628478658531338
1463628478423601153
1463628478327115776
1463628478251782147
1463628478251614213
1463628478092390406
1463628478067134469
1463628477974806528
1463628477957955588
1463628477916139525
1463628477731532800
1463628476267835398
1463628475982561295
1463628475298947082
1463628475277922308
1463628474950856707
1463628474887905285
1463628474795573248
1463628474430730249
1463628474212622337
1463628474191691784
1463628474049085446
1463628473998753792
1463628473721929731
1463628473608683526
1463628473528987650
1463628472472018951
1463628472077766664
1463628471918342156
1463628471268261891
1463628470454571008
1463628470421004291
1463628470148374531
1463628469988999168
1463628469858885632
1463628469754077190
1463628469691199495
1463628468940328962
1463628468667748353
1463628468596396037
1463628468105531397
1463628468076392463
1463628467942174721
1463628467661119497
1463628467627560966
1463628466864152589
1463628466734129158
1463628466184769537
1463628466096685063
1463628465886752770
1463628465874345984
1463628465547059204
1463628465433886722
1463628465299767300
1463628465182330886
1463628463928233993
1463628463412232201
1463628463231930377
1463628462984417281
1463628462833373196
1463628462812454924
1463628462418186241
1463628462409801734
1463628462195884032
1463628461889753092
1463628461591904257
1463628461541576719
1463628461252222976
1463628460899901442
1463628460769828870
1463628460761432066
1463628460425949186
1463628460312641539
1463628460304257025
1463628459540889604
1463628459188625409
1463628459075321858
1463628458987339779
1463628458831925251
1463628457913602052
1463628457636683783
1463628457460518919
1463628457431207937
1463628457183793156
1463628457024311297
1463628456894337025
1463628456554643462
1463628456508289024
1463628456416079875
1463628456260997124
1463628455677943811
1463628455208235014
1463628454931230727
1463628454897672195
1463628454264455176
1463628454083977219
1463628453622673410
1463628453153054724
1463628453001969670
1463628452532260865
1463628451710124033
1463628451261427716
1463628451185893385
1463628450833522689
1463628450749505537
1463628450602881028
1463628450556743698
1463628450518994945
1463628450481143810
1463628450464350211
1463628450099564546
1463628449872891908
1463628449822621696
1463628449281724421
1463628449273188353
1463628449222909959
1463628449202032642
1463628448828514310
1463628448715341825
1463628448606289922
1463628448090537987
1463628447897554956
1463628447461298178
1463628447352332289
1463628447050346503
1463628446727393287
1463628446408527872
1463628446303674369
1463628446165344261
1463628446018514944
1463628446001553408
1463628445754138625
1463628445624242179
1463628445313871874
1463628444940525572
1463628444923842561
1463628444659499011
1463628444567277577
1463628444315619331
1463628444286259200
1463628443757826057
1463628443753476098
1463628442956705799
1463628442419740673
1463628442361024514
1463628442063319045
1463628442046550020
1463628441878769677
1463628441471889410
1463628440951668737
1463628440234508296
1463628440129708032
1463628439437594630
1463628438498164736
1463628438418374658
1463628438028398598
1463628437755682821
1463643586604544000
1463643586482868228
1463643586390634500
1463643585576947715
1463643585488826371
1463643585073623048
1463643584280858631
1463643583861473280
1463643583320363009
1463643583312011264
1463643583311978500
1463643583261462531
1463643583219736580
1463643583072849922
1463643582917713920
1463643582376599554
1463643582250762243
1463643581894123520
1463643581680390150
1463643580631760896
1463643580384395268
1463643579058958340
1463643578996072452
1463643578693914626
1463643577985245188
1463643577792221190
1463643577406435333
1463643576324157450
1463643575485231108
1463643574818455563
1463643574625521666
1463643574587863048
1463643574172536834
1463643573639909377
1463643573606363137
1463643573518323714
1463643572746526725
1463643572025139200
1463643571492294661
1463643571458826241
1463643571400101894
1463643571366604808
1463643571228229633
1463643571060367366
1463643570712170504
1463643570531749889
1463643570481598470
1463643570284417024
1463643569978281988
1463643569663537155
1463643569588162563
1463643569353277445
1463643569021861888
1463643568434733063
1463643568401272833
1463643568271155202
1463643567998570500
1463643567956631557
1463643567751114755
1463643567721783303
1463643567239274496
1463643566576750603
1463643565704323083
1463643565683212293
1463643565544947713
1463643564684890112
1463643564408283149
1463643564324397056
1463643564043378693
1463643563930132481
1463643563393126402
1463643563195916292
1463643563175018503
1463643563028213760
1463643562612965376
1463643562545975302
1463643562273382406
1463643562181111809
1463643561715507206
1463643561463889922
1463643561426132996
1463643561295945730
1463643561065431042
1463643560507768832
1463643559886741509
1463643559844892676
1463643559593070592
1463643559098155012
1463643559018602501
1463643558980771843
1463643558712389639
1463643558041341954
1463643558024564736
1463643558011977729
1463643557630205952
1463643557298941958
1463643557265301504
1463643557126881282
1463643556799733765
1463643556720037892
1463643556292272132
1463643556200042507
1463643555872792582
1463643555738628107
1463643555570745347
1463643554941743105
1463643554899628034
1463643554698301444
1463643554178285573
1463643554056585216
1463643553930911748
1463643553213521923
1463643552844591111
1463643552722952193
1463643552567726091
1463643552118886407
1463643552072847364
1463643551917608964
1463643551842156548
1463643551825383427
1463643551657517064
1463643551632445441
1463643551628156931
1463643551582015488
1463643551510802433
1463643551355609088
1463643551162638338
1463643551074598920
1463643550550315010
1463643550441218049
1463643550403473408
1463643550239891458
1463643550185230338
1463643550168457216
1463643550051188738
1463643549493342211
1463643549166194693
1463643548755103748
1463643548549529602
1463643548528615425
1463643548029440001
1463643547463151620
1463643547362639872
1463643546884390915
1463643546662146051
1463643545986899979
1463643545621958664
1463643545252745220
1463643545236119561
1463643544892186626
1463643544858595330
1463643544669749252
1463643544518864898
1463643544439214080
1463643543646396423
1463643542941806600
1463643542228664323
1463643541700333577
1463643541670752268
1463643541637373956
1463643541448675335
1463643540735463424
1463643539204710400
1463643539091427336
1463643538793586690
1463643538638393346
1463643537795334150
1463643537593880578
1463643537266778114
1463643537254207490
1463643536021389313
1463643535845081098
1463643535631163394
1463643534733426689
1463643534582755329
1463643534515486726
1463643534477733891
1463643534138003459
1463643533533929475
1463643533399764994
1463643532820811777
1463643532665798659
1463643532493680641
1463643531839426562
1463643531583492097
1463643531285778433
1463643531252166660
1463643531013242887
1463643530530852871
1463643529520029697
1463643529327124480
1463643528932831243
1463643528135909378
1463643527905169412
1463643527385346053
1463643527351517185
1463643527288696835
1463643526600790019
1463643526546300935
1463643526395318276
1463658685142482946
1463658685008392193
1463658684962246658
1463658684870021120
1463658684257607681
1463658683959853067
1463658683829788682
1463658683741605891
1463658683326337025
1463658682877501440
1463658682500009991
1463658682336436229
1463658681954754560
1463658681182998530
1463658681158049792
1463658681036423169
1463658680944140294
1463658680788738052
1463658680046567426
1463658680042369033
1463658679455166466
1463658679400599553
1463658678163283974
1463658677907324930
1463658677689270282
1463658677269778435
1463658677093773315
1463658677009887234
1463658676535836678
1463658675961090052
1463658675537645569
1463658675306995714
1463658675206340611
1463658674757509122
1463658674342318080
1463658674191159299
1463658674124214273
1463658673662738436
1463658673452949506
1463658673125867525
1463658672781869057
1463658672765251584
1463658672559591429
1463658672341536776
1463658671867670538
1463658670592516104
1463658670210916354
1463658669959266311
1463658669934063617
1463658669460049926
1463658668969312267
1463658668889624580
1463658668604358657
1463658667874693121
1463658667354505227
1463658666947756035
1463658666867900421
1463658666759012355
1463658666712780803
1463658666666647554
1463658664384811008
1463658663919378432
1463658663755894790
1463658663504195586
1463658663474872322
1463658662824665091
1463658662547927044
1463658662212296707
1463658661629284353
1463658661386067971
1463658660715020289
1463658660559790097
1463658660421193732
1463658660098457600
1463658659813199878
1463658659603488770
1463658659263746048
1463658659141992452
1463658659133550596
1463658658760433666
1463658658361978880
1463658658240233475
1463658657594368006
1463658657279737865
1463658657124601865
1463658657045008386
1463658656214532100
1463658656009003014
1463658655400747009
1463658655329488897
1463658654792626181
1463658654507442180
1463658654171906052
1463658653932740608
1463658653832024070
1463658653773225985
1463658653467172869
1463658653354016771
1463658652682883079
1463658652531933187
1463658652368265222
1463658652187779076
1463658652053741569
1463658651437211648
1463658650958970880
1463658650749345798
1463658650577342464
1463658650233450501
1463658649826562048
1463658649537196035
1463658649495248897
1463658649495105541
1463658649256144896
1463658649197244416
1463658648941572099
1463658648912240642
1463658648874356739
1463658647767052295
1463658647528030214
1463658647473504256
1463658646747983873
1463658646236274689
1463658645967695873
1463658645963431936
1463658645753839625
1463658645707800582
1463658645246386176
1463658645162442754
1463658644759842817
1463658644298342401
1463658643920855044
1463658643920809987
1463658643589459969
1463658643497312256
1463658643115720709
1463658642947723266
1463658642717163526
1463658642607992838
1463658642553585667
1463658642134216705
1463658641760735234
1463658641500917773
1463658641312133122
1463658641085632512
1463658640691187716
1463658640129380356
1463658639433023488
1463658639139422209
1463658639059734528
1463658638782996480
1463658638719926273
1463658638678106115
1463658638422204417
1463658638279593990
1463658638099185665
1463658638069927938
1463658638027804675
1463658637944143878
1463658637747015684
1463658636002140165
1463658635934978049
1463658635926642692
1463658635846832132
1463658635679182851
1463658635234619402
1463658635221868545
1463658634492186627
1463658633695219716
1463658633426731016
1463658633351204865
1463658632722190342
1463658632705359876
1463658632566947841
1463658632508231687
1463658632382406657
1463658631644254215
1463658631531044872
1463658631509921793
1463658631409324032
1463658630780235781
1463658630767599625
1463658630411137028
1463658629844795400
1463658629748473871
1463658629010276357
1463658627370209284
1463658627118641153
1463658627110215682
1463658626778865664
1463658626695180288
1463658626653073411
1463658626199941120
1463658626158149633
1463658625537560577
1463658625122066441
1463658623712833537
1463658622580236293
1463658622454579204
1463658622127198209
1463658621695410178
